%% cmdline: /home/m206265/.local/bin/lalapps_ComputeFstatistic_v2 --Alpha=1.45968 --Delta=0.38422 --Freq=59.89384551767302 --f1dot=-3.779394604771197e-10 --f2dot=-3.365578732859014e-19 --FreqBand=9.798363821642365e-07 --f1dotBand=8.200526992519672e-13 --f2dotBand=6.710346661758282e-19 --dFreq=4.899181910821183e-08 --df1dot=4.100263496259836e-14 --df2dot=3.355173330879141e-20 --DataFiles="/home/m206265/lalapps_work/SFTinjnoise/*.sft" --refTime=1171754150 --outputFstat="/home/m206265/lalapps_work/mismatchNewGrid_Noise_modif/SNR_GridLoud_mism06_1.txt" --NumCandidatesToKeep=1 --FstatMethod=DemodSSE --outputTiming="/home/m206265/lalapps_work/mismatchNewGrid_Noise_modif/Timing_SNR_GridLoud_mism06.txt"
%% LAL: 7.1.5 (UNCLEAN 53aa4afe025550f99f1042f83420085e09e6a5fc)
%% LALFrame: 1.6.0 (UNCLEAN 53aa4afe025550f99f1042f83420085e09e6a5fc)
%% LALMetaIO: 2.1.0 (UNCLEAN 53aa4afe025550f99f1042f83420085e09e6a5fc)
%% LALSimulation: 3.1.0 (UNCLEAN 53aa4afe025550f99f1042f83420085e09e6a5fc)
%% LALBurst: 1.5.10 (UNCLEAN 53aa4afe025550f99f1042f83420085e09e6a5fc)
%% LALInspiral: 2.0.4 (UNCLEAN 53aa4afe025550f99f1042f83420085e09e6a5fc)
%% LALPulsar: 3.1.1 (UNCLEAN 53aa4afe025550f99f1042f83420085e09e6a5fc)
%% LALInference: 3.0.1 (UNCLEAN 53aa4afe025550f99f1042f83420085e09e6a5fc)
%% LALApps: 7.4.0 (UNCLEAN 53aa4afe025550f99f1042f83420085e09e6a5fc)
%% NSFTs      NFreq    tauF[s] tauFEff[s]   tauF0[s] FstatMethod     tauMin     tauMax     NStart       NTau tauTransFstatMap tauTransMarg
    4107         20    2.3e-04    2.3e-04    5.7e-08   DemodSSE          0          0          0          0          0.0e+00      0.0e+00
    4107         20    3.3e-04    3.3e-04    8.0e-08   DemodSSE          0          0          0          0          0.0e+00      0.0e+00
    4107         20    2.6e-04    2.6e-04    6.3e-08   DemodSSE          0          0          0          0          0.0e+00      0.0e+00
    4107         20    2.0e-04    2.1e-04    5.0e-08   DemodSSE          0          0          0          0          0.0e+00      0.0e+00
    4107         20    2.2e-04    2.2e-04    5.4e-08   DemodSSE          0          0          0          0          0.0e+00      0.0e+00
    4107         20    2.1e-04    2.2e-04    5.2e-08   DemodSSE          0          0          0          0          0.0e+00      0.0e+00
    4107         20    2.0e-04    2.1e-04    5.0e-08   DemodSSE          0          0          0          0          0.0e+00      0.0e+00
    4107         20    2.2e-04    2.2e-04    5.4e-08   DemodSSE          0          0          0          0          0.0e+00      0.0e+00
    4107         20    2.4e-04    2.4e-04    5.8e-08   DemodSSE          0          0          0          0          0.0e+00      0.0e+00
    4107         20    3.0e-04    3.1e-04    7.3e-08   DemodSSE          0          0          0          0          0.0e+00      0.0e+00
    4107         20    2.6e-04    2.7e-04    6.3e-08   DemodSSE          0          0          0          0          0.0e+00      0.0e+00
    4107         20    2.3e-04    2.3e-04    5.5e-08   DemodSSE          0          0          0          0          0.0e+00      0.0e+00
    4107         20    2.4e-04    2.4e-04    5.7e-08   DemodSSE          0          0          0          0          0.0e+00      0.0e+00
    4107         20    1.9e-04    2.0e-04    4.7e-08   DemodSSE          0          0          0          0          0.0e+00      0.0e+00
    4107         20    2.4e-04    2.4e-04    5.9e-08   DemodSSE          0          0          0          0          0.0e+00      0.0e+00
    4107         20    4.2e-04    4.2e-04    1.0e-07   DemodSSE          0          0          0          0          0.0e+00      0.0e+00
    4107         20    2.2e-04    2.2e-04    5.5e-08   DemodSSE          0          0          0          0          0.0e+00      0.0e+00
    4107         20    2.0e-04    2.0e-04    5.0e-08   DemodSSE          0          0          0          0          0.0e+00      0.0e+00
    4107         20    2.8e-04    2.8e-04    6.8e-08   DemodSSE          0          0          0          0          0.0e+00      0.0e+00
    4107         20    2.3e-04    2.3e-04    5.6e-08   DemodSSE          0          0          0          0          0.0e+00      0.0e+00
    4107         20    2.4e-04    2.4e-04    5.9e-08   DemodSSE          0          0          0          0          0.0e+00      0.0e+00
    4107         20    2.2e-04    2.2e-04    5.3e-08   DemodSSE          0          0          0          0          0.0e+00      0.0e+00
    4107         20    2.4e-04    2.4e-04    5.8e-08   DemodSSE          0          0          0          0          0.0e+00      0.0e+00
    4107         20    2.7e-04    2.8e-04    6.7e-08   DemodSSE          0          0          0          0          0.0e+00      0.0e+00
    4107         20    2.9e-04    2.9e-04    7.1e-08   DemodSSE          0          0          0          0          0.0e+00      0.0e+00
    4107         20    2.6e-04    2.7e-04    6.3e-08   DemodSSE          0          0          0          0          0.0e+00      0.0e+00
    4107         20    3.0e-04    3.0e-04    7.3e-08   DemodSSE          0          0          0          0          0.0e+00      0.0e+00
    4107         20    2.2e-04    2.2e-04    5.4e-08   DemodSSE          0          0          0          0          0.0e+00      0.0e+00
    4107         20    2.9e-04    3.0e-04    7.2e-08   DemodSSE          0          0          0          0          0.0e+00      0.0e+00
    4107         20    3.1e-04    3.1e-04    7.5e-08   DemodSSE          0          0          0          0          0.0e+00      0.0e+00
    4107         20    2.0e-04    2.1e-04    4.9e-08   DemodSSE          0          0          0          0          0.0e+00      0.0e+00
    4107         20    2.2e-04    2.2e-04    5.4e-08   DemodSSE          0          0          0          0          0.0e+00      0.0e+00
    4107         20    2.1e-04    2.2e-04    5.2e-08   DemodSSE          0          0          0          0          0.0e+00      0.0e+00
    4107         20    2.1e-04    2.1e-04    5.1e-08   DemodSSE          0          0          0          0          0.0e+00      0.0e+00
    4107         20    2.1e-04    2.2e-04    5.1e-08   DemodSSE          0          0          0          0          0.0e+00      0.0e+00
    4107         20    3.2e-04    3.2e-04    7.7e-08   DemodSSE          0          0          0          0          0.0e+00      0.0e+00
    4107         20    2.2e-04    2.2e-04    5.3e-08   DemodSSE          0          0          0          0          0.0e+00      0.0e+00
    4107         20    2.2e-04    2.2e-04    5.4e-08   DemodSSE          0          0          0          0          0.0e+00      0.0e+00
    4107         20    2.1e-04    2.2e-04    5.2e-08   DemodSSE          0          0          0          0          0.0e+00      0.0e+00
    4107         20    2.1e-04    2.1e-04    5.0e-08   DemodSSE          0          0          0          0          0.0e+00      0.0e+00
    4107         20    3.9e-04    3.9e-04    9.5e-08   DemodSSE          0          0          0          0          0.0e+00      0.0e+00
    4107         20    2.5e-04    2.5e-04    6.0e-08   DemodSSE          0          0          0          0          0.0e+00      0.0e+00
    4107         20    3.7e-04    3.8e-04    9.1e-08   DemodSSE          0          0          0          0          0.0e+00      0.0e+00
    4107         20    3.8e-04    3.8e-04    9.2e-08   DemodSSE          0          0          0          0          0.0e+00      0.0e+00
    4107         20    4.1e-04    4.2e-04    1.0e-07   DemodSSE          0          0          0          0          0.0e+00      0.0e+00
    4107         20    4.2e-04    4.2e-04    1.0e-07   DemodSSE          0          0          0          0          0.0e+00      0.0e+00
    4107         20    4.7e-04    4.7e-04    1.1e-07   DemodSSE          0          0          0          0          0.0e+00      0.0e+00
    4107         20    4.8e-04    4.9e-04    1.2e-07   DemodSSE          0          0          0          0          0.0e+00      0.0e+00
    4107         20    3.7e-04    3.7e-04    9.0e-08   DemodSSE          0          0          0          0          0.0e+00      0.0e+00
    4107         20    3.5e-04    3.5e-04    8.5e-08   DemodSSE          0          0          0          0          0.0e+00      0.0e+00
    4107         20    3.5e-04    3.5e-04    8.4e-08   DemodSSE          0          0          0          0          0.0e+00      0.0e+00
    4107         20    3.5e-04    3.6e-04    8.5e-08   DemodSSE          0          0          0          0          0.0e+00      0.0e+00
    4107         20    3.3e-04    3.3e-04    7.9e-08   DemodSSE          0          0          0          0          0.0e+00      0.0e+00
    4107         20    3.6e-04    3.6e-04    8.7e-08   DemodSSE          0          0          0          0          0.0e+00      0.0e+00
    4107         20    3.3e-04    3.3e-04    8.1e-08   DemodSSE          0          0          0          0          0.0e+00      0.0e+00
    4107         20    2.4e-04    2.5e-04    6.0e-08   DemodSSE          0          0          0          0          0.0e+00      0.0e+00
    4107         20    2.7e-04    2.7e-04    6.5e-08   DemodSSE          0          0          0          0          0.0e+00      0.0e+00
    4107         20    2.3e-04    2.3e-04    5.6e-08   DemodSSE          0          0          0          0          0.0e+00      0.0e+00
    4107         20    2.5e-04    2.5e-04    6.1e-08   DemodSSE          0          0          0          0          0.0e+00      0.0e+00
    4107         20    2.5e-04    2.5e-04    6.1e-08   DemodSSE          0          0          0          0          0.0e+00      0.0e+00
    4107         20    2.5e-04    2.5e-04    6.0e-08   DemodSSE          0          0          0          0          0.0e+00      0.0e+00
    4107         20    2.4e-04    2.4e-04    5.9e-08   DemodSSE          0          0          0          0          0.0e+00      0.0e+00
    4107         20    2.6e-04    2.7e-04    6.4e-08   DemodSSE          0          0          0          0          0.0e+00      0.0e+00
    4107         20    2.4e-04    2.4e-04    5.7e-08   DemodSSE          0          0          0          0          0.0e+00      0.0e+00
    4107         20    2.2e-04    2.3e-04    5.5e-08   DemodSSE          0          0          0          0          0.0e+00      0.0e+00
    4107         20    2.4e-04    2.4e-04    5.8e-08   DemodSSE          0          0          0          0          0.0e+00      0.0e+00
    4107         20    2.3e-04    2.3e-04    5.5e-08   DemodSSE          0          0          0          0          0.0e+00      0.0e+00
    4107         20    2.5e-04    2.5e-04    6.1e-08   DemodSSE          0          0          0          0          0.0e+00      0.0e+00
    4107         20    2.4e-04    2.5e-04    5.9e-08   DemodSSE          0          0          0          0          0.0e+00      0.0e+00
    4107         20    3.1e-04    3.1e-04    7.5e-08   DemodSSE          0          0          0          0          0.0e+00      0.0e+00
    4107         20    1.9e-04    2.0e-04    4.7e-08   DemodSSE          0          0          0          0          0.0e+00      0.0e+00
    4107         20    2.4e-04    2.4e-04    5.9e-08   DemodSSE          0          0          0          0          0.0e+00      0.0e+00
    4107         20    4.1e-04    4.1e-04    1.0e-07   DemodSSE          0          0          0          0          0.0e+00      0.0e+00
    4107         20    4.3e-04    4.4e-04    1.1e-07   DemodSSE          0          0          0          0          0.0e+00      0.0e+00
    4107         20    4.0e-04    4.0e-04    9.7e-08   DemodSSE          0          0          0          0          0.0e+00      0.0e+00
    4107         20    3.1e-04    3.1e-04    7.5e-08   DemodSSE          0          0          0          0          0.0e+00      0.0e+00
    4107         20    2.6e-04    2.6e-04    6.3e-08   DemodSSE          0          0          0          0          0.0e+00      0.0e+00
    4107         20    3.0e-04    3.0e-04    7.3e-08   DemodSSE          0          0          0          0          0.0e+00      0.0e+00
    4107         20    2.5e-04    2.5e-04    6.1e-08   DemodSSE          0          0          0          0          0.0e+00      0.0e+00
    4107         20    2.5e-04    2.5e-04    6.0e-08   DemodSSE          0          0          0          0          0.0e+00      0.0e+00
    4107         20    2.6e-04    2.6e-04    6.3e-08   DemodSSE          0          0          0          0          0.0e+00      0.0e+00
    4107         20    2.5e-04    2.6e-04    6.0e-08   DemodSSE          0          0          0          0          0.0e+00      0.0e+00
    4107         20    3.3e-04    3.3e-04    7.9e-08   DemodSSE          0          0          0          0          0.0e+00      0.0e+00
    4107         20    2.7e-04    2.7e-04    6.6e-08   DemodSSE          0          0          0          0          0.0e+00      0.0e+00
    4107         20    2.6e-04    2.6e-04    6.3e-08   DemodSSE          0          0          0          0          0.0e+00      0.0e+00
    4107         20    2.8e-04    2.9e-04    6.9e-08   DemodSSE          0          0          0          0          0.0e+00      0.0e+00
    4107         20    2.5e-04    2.6e-04    6.2e-08   DemodSSE          0          0          0          0          0.0e+00      0.0e+00
    4107         20    2.4e-04    2.5e-04    5.9e-08   DemodSSE          0          0          0          0          0.0e+00      0.0e+00
    4107         20    2.3e-04    2.3e-04    5.6e-08   DemodSSE          0          0          0          0          0.0e+00      0.0e+00
    4107         20    2.1e-04    2.1e-04    5.1e-08   DemodSSE          0          0          0          0          0.0e+00      0.0e+00
    4107          3    0.0e+00    0.0e+00    0.0e+00   DemodSSE          0          0          0          0          0.0e+00      0.0e+00
    4107          3    5.8e-04    5.8e-04    1.4e-07   DemodSSE          0          0          0          0          0.0e+00      0.0e+00
    4107          3    5.8e-04    5.8e-04    1.4e-07   DemodSSE          0          0          0          0          0.0e+00      0.0e+00
    4107          3    5.8e-04    5.8e-04    1.4e-07   DemodSSE          0          0          0          0          0.0e+00      0.0e+00
    4107          3    5.8e-04    5.8e-04    1.4e-07   DemodSSE          0          0          0          0          0.0e+00      0.0e+00
    4107          3    0.0e+00    0.0e+00    0.0e+00   DemodSSE          0          0          0          0          0.0e+00      0.0e+00
    4107          3    0.0e+00    0.0e+00    0.0e+00   DemodSSE          0          0          0          0          0.0e+00      0.0e+00
    4107          3    5.8e-04    5.8e-04    1.4e-07   DemodSSE          0          0          0          0          0.0e+00      0.0e+00
    4107          3    5.8e-04    5.8e-04    1.4e-07   DemodSSE          0          0          0          0          0.0e+00      0.0e+00
    4107          3    1.2e-03    1.2e-03    2.8e-07   DemodSSE          0          0          0          0          0.0e+00      0.0e+00
    4107          3    5.8e-04    5.8e-04    1.4e-07   DemodSSE          0          0          0          0          0.0e+00      0.0e+00
    4107          3    1.2e-03    1.2e-03    2.8e-07   DemodSSE          0          0          0          0          0.0e+00      0.0e+00
    4107          3    1.2e-03    1.2e-03    2.8e-07   DemodSSE          0          0          0          0          0.0e+00      0.0e+00
    4107          3    0.0e+00    0.0e+00    0.0e+00   DemodSSE          0          0          0          0          0.0e+00      0.0e+00
    4107          3    0.0e+00    0.0e+00    0.0e+00   DemodSSE          0          0          0          0          0.0e+00      0.0e+00
    4107          3    5.8e-04    5.8e-04    1.4e-07   DemodSSE          0          0          0          0          0.0e+00      0.0e+00
    4107          3    5.8e-04    5.8e-04    1.4e-07   DemodSSE          0          0          0          0          0.0e+00      0.0e+00
    4107          3    5.8e-04    5.8e-04    1.4e-07   DemodSSE          0          0          0          0          0.0e+00      0.0e+00
    4107          3    5.8e-04    5.8e-04    1.4e-07   DemodSSE          0          0          0          0          0.0e+00      0.0e+00
    4107          3    0.0e+00    0.0e+00    0.0e+00   DemodSSE          0          0          0          0          0.0e+00      0.0e+00
    4107          3    5.8e-04    5.8e-04    1.4e-07   DemodSSE          0          0          0          0          0.0e+00      0.0e+00
    4107          3    5.8e-04    5.8e-04    1.4e-07   DemodSSE          0          0          0          0          0.0e+00      0.0e+00
    4107          3    5.8e-04    5.8e-04    1.4e-07   DemodSSE          0          0          0          0          0.0e+00      0.0e+00
    4107          3    5.8e-04    5.8e-04    1.4e-07   DemodSSE          0          0          0          0          0.0e+00      0.0e+00
    4107          3    5.8e-04    5.8e-04    1.4e-07   DemodSSE          0          0          0          0          0.0e+00      0.0e+00
    4107          3    0.0e+00    0.0e+00    0.0e+00   DemodSSE          0          0          0          0          0.0e+00      0.0e+00
    4107          3    0.0e+00    0.0e+00    0.0e+00   DemodSSE          0          0          0          0          0.0e+00      0.0e+00
    4107          3    1.2e-03    1.2e-03    2.8e-07   DemodSSE          0          0          0          0          0.0e+00      0.0e+00
    4107          3    5.8e-04    5.8e-04    1.4e-07   DemodSSE          0          0          0          0          0.0e+00      0.0e+00
    4107          3    5.8e-04    5.8e-04    1.4e-07   DemodSSE          0          0          0          0          0.0e+00      0.0e+00
    4107          3    1.2e-03    1.2e-03    2.8e-07   DemodSSE          0          0          0          0          0.0e+00      0.0e+00
    4107          3    0.0e+00    0.0e+00    0.0e+00   DemodSSE          0          0          0          0          0.0e+00      0.0e+00
    4107          3    5.8e-04    5.8e-04    1.4e-07   DemodSSE          0          0          0          0          0.0e+00      0.0e+00
    4107          3    5.8e-04    5.8e-04    1.4e-07   DemodSSE          0          0          0          0          0.0e+00      0.0e+00
    4107          3    1.2e-03    1.2e-03    2.8e-07   DemodSSE          0          0          0          0          0.0e+00      0.0e+00
    4107          3    5.8e-04    5.8e-04    1.4e-07   DemodSSE          0          0          0          0          0.0e+00      0.0e+00
    4107          3    1.2e-03    1.2e-03    2.8e-07   DemodSSE          0          0          0          0          0.0e+00      0.0e+00
    4107          3    5.8e-04    5.8e-04    1.4e-07   DemodSSE          0          0          0          0          0.0e+00      0.0e+00
    4107          3    5.8e-04    5.8e-04    1.4e-07   DemodSSE          0          0          0          0          0.0e+00      0.0e+00
    4107          3    5.8e-04    5.8e-04    1.4e-07   DemodSSE          0          0          0          0          0.0e+00      0.0e+00
    4107          3    5.8e-04    5.8e-04    1.4e-07   DemodSSE          0          0          0          0          0.0e+00      0.0e+00
    4107          3    0.0e+00    0.0e+00    0.0e+00   DemodSSE          0          0          0          0          0.0e+00      0.0e+00
    4107          3    0.0e+00    0.0e+00    0.0e+00   DemodSSE          0          0          0          0          0.0e+00      0.0e+00
    4107          3    5.8e-04    5.8e-04    1.4e-07   DemodSSE          0          0          0          0          0.0e+00      0.0e+00
    4107          3    5.8e-04    5.8e-04    1.4e-07   DemodSSE          0          0          0          0          0.0e+00      0.0e+00
    4107          3    5.8e-04    5.8e-04    1.4e-07   DemodSSE          0          0          0          0          0.0e+00      0.0e+00
    4107          3    5.8e-04    5.8e-04    1.4e-07   DemodSSE          0          0          0          0          0.0e+00      0.0e+00
    4107          3    5.8e-04    5.8e-04    1.4e-07   DemodSSE          0          0          0          0          0.0e+00      0.0e+00
    4107          3    0.0e+00    0.0e+00    0.0e+00   DemodSSE          0          0          0          0          0.0e+00      0.0e+00
    4107          3    0.0e+00    0.0e+00    0.0e+00   DemodSSE          0          0          0          0          0.0e+00      0.0e+00
    4107          3    0.0e+00    0.0e+00    0.0e+00   DemodSSE          0          0          0          0          0.0e+00      0.0e+00
    4107          3    0.0e+00    0.0e+00    0.0e+00   DemodSSE          0          0          0          0          0.0e+00      0.0e+00
    4107          3    5.8e-04    5.8e-04    1.4e-07   DemodSSE          0          0          0          0          0.0e+00      0.0e+00
    4107          3    1.2e-03    1.2e-03    2.8e-07   DemodSSE          0          0          0          0          0.0e+00      0.0e+00
    4107          3    1.2e-03    1.2e-03    2.8e-07   DemodSSE          0          0          0          0          0.0e+00      0.0e+00
    4107          3    5.8e-04    5.8e-04    1.4e-07   DemodSSE          0          0          0          0          0.0e+00      0.0e+00
    4107          3    1.7e-03    1.7e-03    4.2e-07   DemodSSE          0          0          0          0          0.0e+00      0.0e+00
    4107          3    0.0e+00    0.0e+00    0.0e+00   DemodSSE          0          0          0          0          0.0e+00      0.0e+00
    4107          3    1.2e-03    1.2e-03    2.8e-07   DemodSSE          0          0          0          0          0.0e+00      0.0e+00
    4107          3    1.2e-03    1.2e-03    2.8e-07   DemodSSE          0          0          0          0          0.0e+00      0.0e+00
    4107          3    5.8e-04    5.8e-04    1.4e-07   DemodSSE          0          0          0          0          0.0e+00      0.0e+00
    4107          3    5.8e-04    5.8e-04    1.4e-07   DemodSSE          0          0          0          0          0.0e+00      0.0e+00
    4107          3    1.2e-03    1.2e-03    2.8e-07   DemodSSE          0          0          0          0          0.0e+00      0.0e+00
    4107          3    0.0e+00    0.0e+00    0.0e+00   DemodSSE          0          0          0          0          0.0e+00      0.0e+00
    4107          3    5.8e-04    5.8e-04    1.4e-07   DemodSSE          0          0          0          0          0.0e+00      0.0e+00
    4107          3    1.2e-03    1.2e-03    2.8e-07   DemodSSE          0          0          0          0          0.0e+00      0.0e+00
    4107          3    5.8e-04    5.8e-04    1.4e-07   DemodSSE          0          0          0          0          0.0e+00      0.0e+00
    4107          3    5.8e-04    5.8e-04    1.4e-07   DemodSSE          0          0          0          0          0.0e+00      0.0e+00
    4107          3    5.8e-04    5.8e-04    1.4e-07   DemodSSE          0          0          0          0          0.0e+00      0.0e+00
    4107          3    0.0e+00    0.0e+00    0.0e+00   DemodSSE          0          0          0          0          0.0e+00      0.0e+00
    4107          3    1.2e-03    1.2e-03    2.8e-07   DemodSSE          0          0          0          0          0.0e+00      0.0e+00
    4107          3    5.8e-04    5.8e-04    1.4e-07   DemodSSE          0          0          0          0          0.0e+00      0.0e+00
    4107          3    5.8e-04    5.8e-04    1.4e-07   DemodSSE          0          0          0          0          0.0e+00      0.0e+00
    4107          3    5.8e-04    5.8e-04    1.4e-07   DemodSSE          0          0          0          0          0.0e+00      0.0e+00
    4107          3    1.2e-03    1.2e-03    2.8e-07   DemodSSE          0          0          0          0          0.0e+00      0.0e+00
    4107          3    5.8e-04    5.8e-04    1.4e-07   DemodSSE          0          0          0          0          0.0e+00      0.0e+00
    4107          3    0.0e+00    0.0e+00    0.0e+00   DemodSSE          0          0          0          0          0.0e+00      0.0e+00
    4107          3    5.8e-04    5.8e-04    1.4e-07   DemodSSE          0          0          0          0          0.0e+00      0.0e+00
    4107          3    5.8e-04    5.8e-04    1.4e-07   DemodSSE          0          0          0          0          0.0e+00      0.0e+00
    4107          3    5.8e-04    5.8e-04    1.4e-07   DemodSSE          0          0          0          0          0.0e+00      0.0e+00
    4107          3    5.8e-04    5.8e-04    1.4e-07   DemodSSE          0          0          0          0          0.0e+00      0.0e+00
    4107          3    5.8e-04    5.8e-04    1.4e-07   DemodSSE          0          0          0          0          0.0e+00      0.0e+00
    4107          3    5.8e-04    5.8e-04    1.4e-07   DemodSSE          0          0          0          0          0.0e+00      0.0e+00
    4107          3    5.8e-04    5.8e-04    1.4e-07   DemodSSE          0          0          0          0          0.0e+00      0.0e+00
    4107          3    5.8e-04    5.8e-04    1.4e-07   DemodSSE          0          0          0          0          0.0e+00      0.0e+00
    4107          3    1.2e-03    1.2e-03    2.8e-07   DemodSSE          0          0          0          0          0.0e+00      0.0e+00
    4107          3    0.0e+00    0.0e+00    0.0e+00   DemodSSE          0          0          0          0          0.0e+00      0.0e+00
    4107          3    0.0e+00    0.0e+00    0.0e+00   DemodSSE          0          0          0          0          0.0e+00      0.0e+00
    4107          3    5.8e-04    5.8e-04    1.4e-07   DemodSSE          0          0          0          0          0.0e+00      0.0e+00
    4107          3    5.8e-04    5.8e-04    1.4e-07   DemodSSE          0          0          0          0          0.0e+00      0.0e+00
    4107          3    5.8e-04    5.8e-04    1.4e-07   DemodSSE          0          0          0          0          0.0e+00      0.0e+00
    4107          3    0.0e+00    0.0e+00    0.0e+00   DemodSSE          0          0          0          0          0.0e+00      0.0e+00
    4107          3    5.8e-04    5.8e-04    1.4e-07   DemodSSE          0          0          0          0          0.0e+00      0.0e+00
    4107          3    5.8e-04    5.8e-04    1.4e-07   DemodSSE          0          0          0          0          0.0e+00      0.0e+00
    4107          3    0.0e+00    0.0e+00    0.0e+00   DemodSSE          0          0          0          0          0.0e+00      0.0e+00
    4107          3    5.8e-04    5.8e-04    1.4e-07   DemodSSE          0          0          0          0          0.0e+00      0.0e+00
    4107          3    0.0e+00    0.0e+00    0.0e+00   DemodSSE          0          0          0          0          0.0e+00      0.0e+00
    4107          3    1.2e-03    1.2e-03    2.8e-07   DemodSSE          0          0          0          0          0.0e+00      0.0e+00
    4107          3    5.8e-04    5.8e-04    1.4e-07   DemodSSE          0          0          0          0          0.0e+00      0.0e+00
    4107          3    5.8e-04    5.8e-04    1.4e-07   DemodSSE          0          0          0          0          0.0e+00      0.0e+00
