%% cmdline: /home/m206265/.local/bin/lalapps_ComputeFstatistic_v2 --Alpha=1.45968 --Delta=0.38422 --Freq=60.0009956495397 --f1dot=-3.77535e-10 --f2dot=1.1147e-20 --FreqBand=8.878490400931318e-06 --dFreq=1.775698080186264e-07 --DataFiles="/home/m206265/lalapps_work/SFTinj/*.sft" --assumeSqrtSX="0.00751" --refTime=1171754150 --outputFstat="/home/m206265/lalapps_work/Fstat.txtFstat_noise_fband_shift.txt" --FstatMethod=DemodSSE
%% LAL: 7.1.5 (UNCLEAN 53aa4afe025550f99f1042f83420085e09e6a5fc)
%% LALFrame: 1.6.0 (UNCLEAN 53aa4afe025550f99f1042f83420085e09e6a5fc)
%% LALMetaIO: 2.1.0 (UNCLEAN 53aa4afe025550f99f1042f83420085e09e6a5fc)
%% LALSimulation: 3.1.0 (UNCLEAN 53aa4afe025550f99f1042f83420085e09e6a5fc)
%% LALBurst: 1.5.10 (UNCLEAN 53aa4afe025550f99f1042f83420085e09e6a5fc)
%% LALInspiral: 2.0.4 (UNCLEAN 53aa4afe025550f99f1042f83420085e09e6a5fc)
%% LALPulsar: 3.1.1 (UNCLEAN 53aa4afe025550f99f1042f83420085e09e6a5fc)
%% LALInference: 3.0.1 (UNCLEAN 53aa4afe025550f99f1042f83420085e09e6a5fc)
%% LALApps: 7.4.0 (UNCLEAN 53aa4afe025550f99f1042f83420085e09e6a5fc)
%% FstatMethod used: 'DemodSSE'
%% Started search: 2022-11-04 23:12:12.1160
%% Loaded SFTs: [ H1:2159, L1:1948 ]
%% GPS starttime         = 1167983370 (Mon Jan  9 07:49:12 2017 GMT)
%% Total time spanned    = 5631588 s (1564.33 hours)
%% Pulsar-params refTime = 1171754150
%% Spin-range at refTime: fkdot = [ 60.0009956495397:60.0010045280301, -3.77535e-10:-3.77535e-10, 1.1147e-20:1.1147e-20, 0:0, 0:0, 0:0, 0:0 ]
%% columns:
%% freq alpha delta f1dot f2dot f3dot 2F
60.0009956495397 1.45968 0.38422 -3.77535e-10 1.1147e-20 0 0.116478488
60.00099582710951 1.45968 0.38422 -3.77535e-10 1.1147e-20 0 0.060476128
60.00099600467932 1.45968 0.38422 -3.77535e-10 1.1147e-20 0 0.0963653475
60.00099618224913 1.45968 0.38422 -3.77535e-10 1.1147e-20 0 0.200495601
60.00099635981894 1.45968 0.38422 -3.77535e-10 1.1147e-20 0 0.195081994
60.00099653738875 1.45968 0.38422 -3.77535e-10 1.1147e-20 0 0.156246036
60.00099671495856 1.45968 0.38422 -3.77535e-10 1.1147e-20 0 0.39702186
60.00099689252837 1.45968 0.38422 -3.77535e-10 1.1147e-20 0 0.423723996
60.00099707009818 1.45968 0.38422 -3.77535e-10 1.1147e-20 0 0.015763741
60.00099724766799 1.45968 0.38422 -3.77535e-10 1.1147e-20 0 0.136214614
60.0009974252378 1.45968 0.38422 -3.77535e-10 1.1147e-20 0 0.123612963
60.00099760280761 1.45968 0.38422 -3.77535e-10 1.1147e-20 0 0.271603346
60.00099778037742 1.45968 0.38422 -3.77535e-10 1.1147e-20 0 0.198216677
60.00099795794723 1.45968 0.38422 -3.77535e-10 1.1147e-20 0 0.12105979
60.00099813551704 1.45968 0.38422 -3.77535e-10 1.1147e-20 0 0.126434341
60.00099831308685 1.45968 0.38422 -3.77535e-10 1.1147e-20 0 0.0818679482
60.00099849065666 1.45968 0.38422 -3.77535e-10 1.1147e-20 0 0.805116057
60.00099866822647 1.45968 0.38422 -3.77535e-10 1.1147e-20 0 0.155904606
60.00099884579627 1.45968 0.38422 -3.77535e-10 1.1147e-20 0 0.305912107
60.00099902336608 1.45968 0.38422 -3.77535e-10 1.1147e-20 0 0.301722437
60.00099920093589 1.45968 0.38422 -3.77535e-10 1.1147e-20 0 0.480581194
60.0009993785057 1.45968 0.38422 -3.77535e-10 1.1147e-20 0 0.914626956
60.00099955607551 1.45968 0.38422 -3.77535e-10 1.1147e-20 0 0.831527889
60.00099973364532 1.45968 0.38422 -3.77535e-10 1.1147e-20 0 3.02531838
60.00099991121513 1.45968 0.38422 -3.77535e-10 1.1147e-20 0 43.6758614
60.00100008878494 1.45968 0.38422 -3.77535e-10 1.1147e-20 0 43.7553902
60.00100026635475 1.45968 0.38422 -3.77535e-10 1.1147e-20 0 2.98695087
60.00100044392456 1.45968 0.38422 -3.77535e-10 1.1147e-20 0 0.940034747
60.00100062149437 1.45968 0.38422 -3.77535e-10 1.1147e-20 0 0.896293581
60.00100079906418 1.45968 0.38422 -3.77535e-10 1.1147e-20 0 0.476807386
60.00100097663399 1.45968 0.38422 -3.77535e-10 1.1147e-20 0 0.276422471
60.0010011542038 1.45968 0.38422 -3.77535e-10 1.1147e-20 0 0.337706923
60.00100133177361 1.45968 0.38422 -3.77535e-10 1.1147e-20 0 0.153767943
60.00100150934342 1.45968 0.38422 -3.77535e-10 1.1147e-20 0 0.826216638
60.00100168691323 1.45968 0.38422 -3.77535e-10 1.1147e-20 0 0.0858926997
60.00100186448304 1.45968 0.38422 -3.77535e-10 1.1147e-20 0 0.0447093509
60.00100204205285 1.45968 0.38422 -3.77535e-10 1.1147e-20 0 0.0716447234
60.00100221962266 1.45968 0.38422 -3.77535e-10 1.1147e-20 0 0.299013019
60.00100239719247 1.45968 0.38422 -3.77535e-10 1.1147e-20 0 0.29960385
60.00100257476227 1.45968 0.38422 -3.77535e-10 1.1147e-20 0 0.1654149
60.00100275233208 1.45968 0.38422 -3.77535e-10 1.1147e-20 0 0.0854085386
60.00100292990189 1.45968 0.38422 -3.77535e-10 1.1147e-20 0 0.116722465
60.0010031074717 1.45968 0.38422 -3.77535e-10 1.1147e-20 0 0.439525068
60.00100328504151 1.45968 0.38422 -3.77535e-10 1.1147e-20 0 0.452315629
60.00100346261132 1.45968 0.38422 -3.77535e-10 1.1147e-20 0 0.180123791
60.00100364018113 1.45968 0.38422 -3.77535e-10 1.1147e-20 0 0.210938662
60.00100381775094 1.45968 0.38422 -3.77535e-10 1.1147e-20 0 0.125699162
60.00100399532075 1.45968 0.38422 -3.77535e-10 1.1147e-20 0 0.10137783
60.00100417289056 1.45968 0.38422 -3.77535e-10 1.1147e-20 0 0.0613680668
60.00100435046037 1.45968 0.38422 -3.77535e-10 1.1147e-20 0 0.0298886579
%DONE
