%% cmdline: /home/m206265/.local/bin/lalapps_ComputeFstatistic_v2 --Alpha=1.45968 --Delta=0.38422 --Freq=60.0009955607548 --f1dot=-3.77535e-10 --f2dot=1.1147e-20 --FreqBand=8.878490400931318e-06 --dFreq=1.775698080186264e-07 --DataFiles="/home/m206265/lalapps_work/SFTinjnoise/*.sft" --refTime=1171754150 --outputFstat="/home/m206265/lalapps_work/Fstat_noise_fband.txt" --FstatMethod=DemodSSE
%% LAL: 7.1.5 (UNCLEAN 53aa4afe025550f99f1042f83420085e09e6a5fc)
%% LALFrame: 1.6.0 (UNCLEAN 53aa4afe025550f99f1042f83420085e09e6a5fc)
%% LALMetaIO: 2.1.0 (UNCLEAN 53aa4afe025550f99f1042f83420085e09e6a5fc)
%% LALSimulation: 3.1.0 (UNCLEAN 53aa4afe025550f99f1042f83420085e09e6a5fc)
%% LALBurst: 1.5.10 (UNCLEAN 53aa4afe025550f99f1042f83420085e09e6a5fc)
%% LALInspiral: 2.0.4 (UNCLEAN 53aa4afe025550f99f1042f83420085e09e6a5fc)
%% LALPulsar: 3.1.1 (UNCLEAN 53aa4afe025550f99f1042f83420085e09e6a5fc)
%% LALInference: 3.0.1 (UNCLEAN 53aa4afe025550f99f1042f83420085e09e6a5fc)
%% LALApps: 7.4.0 (UNCLEAN 53aa4afe025550f99f1042f83420085e09e6a5fc)
%% FstatMethod used: 'DemodSSE'
%% Started search: 2022-02-18 19:40:57.3566
%% Loaded SFTs: [ H1:2159, L1:1948 ]
%% GPS starttime         = 1167983370 (Mon Jan  9 07:49:12 2017 GMT)
%% Total time spanned    = 5631588 s (1564.33 hours)
%% Pulsar-params refTime = 1171754150
%% Spin-range at refTime: fkdot = [ 60.0009955607548:60.0010044392452, -3.77535e-10:-3.77535e-10, 1.1147e-20:1.1147e-20, 0:0, 0:0, 0:0, 0:0 ]
%% columns:
%% freq alpha delta f1dot f2dot f3dot 2F
60.0009955607548 1.45968 0.38422 -3.77535e-10 1.1147e-20 0 3.78266335
60.00099573832461 1.45968 0.38422 -3.77535e-10 1.1147e-20 0 0.710629523
60.00099591589442 1.45968 0.38422 -3.77535e-10 1.1147e-20 0 7.81299734
60.00099609346423 1.45968 0.38422 -3.77535e-10 1.1147e-20 0 0.394598573
60.00099627103404 1.45968 0.38422 -3.77535e-10 1.1147e-20 0 3.96409345
60.00099644860385 1.45968 0.38422 -3.77535e-10 1.1147e-20 0 4.4133873
60.00099662617366 1.45968 0.38422 -3.77535e-10 1.1147e-20 0 2.13344741
60.00099680374347 1.45968 0.38422 -3.77535e-10 1.1147e-20 0 3.88192916
60.00099698131328 1.45968 0.38422 -3.77535e-10 1.1147e-20 0 3.51821017
60.00099715888309 1.45968 0.38422 -3.77535e-10 1.1147e-20 0 2.04933619
60.0009973364529 1.45968 0.38422 -3.77535e-10 1.1147e-20 0 2.72725105
60.00099751402271 1.45968 0.38422 -3.77535e-10 1.1147e-20 0 2.85434151
60.00099769159252 1.45968 0.38422 -3.77535e-10 1.1147e-20 0 2.86777711
60.00099786916233 1.45968 0.38422 -3.77535e-10 1.1147e-20 0 5.34002495
60.00099804673214 1.45968 0.38422 -3.77535e-10 1.1147e-20 0 0.814797819
60.00099822430195 1.45968 0.38422 -3.77535e-10 1.1147e-20 0 1.55159998
60.00099840187175 1.45968 0.38422 -3.77535e-10 1.1147e-20 0 1.28089869
60.00099857944156 1.45968 0.38422 -3.77535e-10 1.1147e-20 0 4.46943569
60.00099875701137 1.45968 0.38422 -3.77535e-10 1.1147e-20 0 4.23926544
60.00099893458118 1.45968 0.38422 -3.77535e-10 1.1147e-20 0 2.31450796
60.00099911215099 1.45968 0.38422 -3.77535e-10 1.1147e-20 0 1.00970042
60.0009992897208 1.45968 0.38422 -3.77535e-10 1.1147e-20 0 1.33386433
60.00099946729061 1.45968 0.38422 -3.77535e-10 1.1147e-20 0 0.461649418
60.00099964486042 1.45968 0.38422 -3.77535e-10 1.1147e-20 0 8.23740387
60.00099982243023 1.45968 0.38422 -3.77535e-10 1.1147e-20 0 1.98514593
60.00100000000004 1.45968 0.38422 -3.77535e-10 1.1147e-20 0 88.0199814
60.00100017756985 1.45968 0.38422 -3.77535e-10 1.1147e-20 0 6.04407072
60.00100035513966 1.45968 0.38422 -3.77535e-10 1.1147e-20 0 3.09064674
60.00100053270947 1.45968 0.38422 -3.77535e-10 1.1147e-20 0 3.21933722
60.00100071027928 1.45968 0.38422 -3.77535e-10 1.1147e-20 0 7.82976437
60.00100088784909 1.45968 0.38422 -3.77535e-10 1.1147e-20 0 12.5787182
60.0010010654189 1.45968 0.38422 -3.77535e-10 1.1147e-20 0 5.98002148
60.00100124298871 1.45968 0.38422 -3.77535e-10 1.1147e-20 0 5.40284061
60.00100142055852 1.45968 0.38422 -3.77535e-10 1.1147e-20 0 5.11674643
60.00100159812833 1.45968 0.38422 -3.77535e-10 1.1147e-20 0 5.12535763
60.00100177569814 1.45968 0.38422 -3.77535e-10 1.1147e-20 0 1.55778992
60.00100195326795 1.45968 0.38422 -3.77535e-10 1.1147e-20 0 0.627277195
60.00100213083775 1.45968 0.38422 -3.77535e-10 1.1147e-20 0 6.71528053
60.00100230840756 1.45968 0.38422 -3.77535e-10 1.1147e-20 0 2.19451141
60.00100248597737 1.45968 0.38422 -3.77535e-10 1.1147e-20 0 3.08080101
60.00100266354718 1.45968 0.38422 -3.77535e-10 1.1147e-20 0 6.59959507
60.00100284111699 1.45968 0.38422 -3.77535e-10 1.1147e-20 0 2.83823967
60.0010030186868 1.45968 0.38422 -3.77535e-10 1.1147e-20 0 0.467788637
60.00100319625661 1.45968 0.38422 -3.77535e-10 1.1147e-20 0 1.16607368
60.00100337382642 1.45968 0.38422 -3.77535e-10 1.1147e-20 0 3.50394559
60.00100355139623 1.45968 0.38422 -3.77535e-10 1.1147e-20 0 2.78024006
60.00100372896604 1.45968 0.38422 -3.77535e-10 1.1147e-20 0 6.04364061
60.00100390653585 1.45968 0.38422 -3.77535e-10 1.1147e-20 0 4.46874523
60.00100408410566 1.45968 0.38422 -3.77535e-10 1.1147e-20 0 8.33286285
60.00100426167547 1.45968 0.38422 -3.77535e-10 1.1147e-20 0 5.33381033
%DONE
