%% cmdline: /home/m206265/.local/bin/lalapps_ComputeFstatistic_v2 --Alpha=1.45968 --Delta=0.38422 --Freq=60.001 --f1dot=-3.77535e-10 --f2dot=-1.388593034239535e-18 --f2dotBand=2.799480068479071e-18 --df2dot=5.598960136958141e-21 --DataFiles="/home/m206265/lalapps_work/SFTinjnoise/*.sft" --refTime=1171754150 --outputFstat="/home/m206265/lalapps_work/Fstat_noise_f2band.txt" --FstatMethod=DemodSSE
%% LAL: 7.1.5 (UNCLEAN 53aa4afe025550f99f1042f83420085e09e6a5fc)
%% LALFrame: 1.6.0 (UNCLEAN 53aa4afe025550f99f1042f83420085e09e6a5fc)
%% LALMetaIO: 2.1.0 (UNCLEAN 53aa4afe025550f99f1042f83420085e09e6a5fc)
%% LALSimulation: 3.1.0 (UNCLEAN 53aa4afe025550f99f1042f83420085e09e6a5fc)
%% LALBurst: 1.5.10 (UNCLEAN 53aa4afe025550f99f1042f83420085e09e6a5fc)
%% LALInspiral: 2.0.4 (UNCLEAN 53aa4afe025550f99f1042f83420085e09e6a5fc)
%% LALPulsar: 3.1.1 (UNCLEAN 53aa4afe025550f99f1042f83420085e09e6a5fc)
%% LALInference: 3.0.1 (UNCLEAN 53aa4afe025550f99f1042f83420085e09e6a5fc)
%% LALApps: 7.4.0 (UNCLEAN 53aa4afe025550f99f1042f83420085e09e6a5fc)
%% FstatMethod used: 'DemodSSE'
%% Started search: 2022-02-18 19:41:04.2395
%% Loaded SFTs: [ H1:2159, L1:1948 ]
%% GPS starttime         = 1167983370 (Mon Jan  9 07:49:12 2017 GMT)
%% Total time spanned    = 5631588 s (1564.33 hours)
%% Pulsar-params refTime = 1171754150
%% Spin-range at refTime: fkdot = [ 60.001:60.001, -3.77535e-10:-3.77535e-10, -1.388593034239535e-18:1.410887034239536e-18, 0:0, 0:0, 0:0, 0:0 ]
%% columns:
%% freq alpha delta f1dot f2dot f3dot 2F
60.001 1.45968 0.38422 -3.77535e-10 -1.388593034239535e-18 0 1.7860949
60.001 1.45968 0.38422 -3.77535e-10 -1.382994074102577e-18 0 1.59180629
60.001 1.45968 0.38422 -3.77535e-10 -1.377395113965619e-18 0 1.42809689
60.001 1.45968 0.38422 -3.77535e-10 -1.371796153828661e-18 0 1.29499352
60.001 1.45968 0.38422 -3.77535e-10 -1.366197193691703e-18 0 1.19334543
60.001 1.45968 0.38422 -3.77535e-10 -1.360598233554745e-18 0 1.12501919
60.001 1.45968 0.38422 -3.77535e-10 -1.354999273417787e-18 0 1.0927763
60.001 1.45968 0.38422 -3.77535e-10 -1.349400313280829e-18 0 1.09957075
60.001 1.45968 0.38422 -3.77535e-10 -1.343801353143871e-18 0 1.14815533
60.001 1.45968 0.38422 -3.77535e-10 -1.338202393006913e-18 0 1.24037695
60.001 1.45968 0.38422 -3.77535e-10 -1.332603432869955e-18 0 1.37658131
60.001 1.45968 0.38422 -3.77535e-10 -1.327004472732996e-18 0 1.5552175
60.001 1.45968 0.38422 -3.77535e-10 -1.321405512596038e-18 0 1.77245879
60.001 1.45968 0.38422 -3.77535e-10 -1.31580655245908e-18 0 2.02195907
60.001 1.45968 0.38422 -3.77535e-10 -1.310207592322122e-18 0 2.29531765
60.001 1.45968 0.38422 -3.77535e-10 -1.304608632185164e-18 0 2.58205318
60.001 1.45968 0.38422 -3.77535e-10 -1.299009672048206e-18 0 2.87056112
60.001 1.45968 0.38422 -3.77535e-10 -1.293410711911248e-18 0 3.14903569
60.001 1.45968 0.38422 -3.77535e-10 -1.28781175177429e-18 0 3.40585065
60.001 1.45968 0.38422 -3.77535e-10 -1.282212791637332e-18 0 3.63087964
60.001 1.45968 0.38422 -3.77535e-10 -1.276613831500374e-18 0 3.8165071
60.001 1.45968 0.38422 -3.77535e-10 -1.271014871363416e-18 0 3.95811534
60.001 1.45968 0.38422 -3.77535e-10 -1.265415911226458e-18 0 4.0546174
60.001 1.45968 0.38422 -3.77535e-10 -1.2598169510895e-18 0 4.10880423
60.001 1.45968 0.38422 -3.77535e-10 -1.254217990952542e-18 0 4.12709808
60.001 1.45968 0.38422 -3.77535e-10 -1.248619030815584e-18 0 4.11917782
60.001 1.45968 0.38422 -3.77535e-10 -1.243020070678626e-18 0 4.09722471
60.001 1.45968 0.38422 -3.77535e-10 -1.237421110541668e-18 0 4.07494211
60.001 1.45968 0.38422 -3.77535e-10 -1.23182215040471e-18 0 4.06623173
60.001 1.45968 0.38422 -3.77535e-10 -1.226223190267752e-18 0 4.08404922
60.001 1.45968 0.38422 -3.77535e-10 -1.220624230130794e-18 0 4.13906193
60.001 1.45968 0.38422 -3.77535e-10 -1.215025269993836e-18 0 4.23856354
60.001 1.45968 0.38422 -3.77535e-10 -1.209426309856877e-18 0 4.38522339
60.001 1.45968 0.38422 -3.77535e-10 -1.203827349719919e-18 0 4.57773256
60.001 1.45968 0.38422 -3.77535e-10 -1.198228389582961e-18 0 4.80894852
60.001 1.45968 0.38422 -3.77535e-10 -1.192629429446003e-18 0 5.06737614
60.001 1.45968 0.38422 -3.77535e-10 -1.187030469309045e-18 0 5.33721209
60.001 1.45968 0.38422 -3.77535e-10 -1.181431509172087e-18 0 5.59982586
60.001 1.45968 0.38422 -3.77535e-10 -1.175832549035129e-18 0 5.83511019
60.001 1.45968 0.38422 -3.77535e-10 -1.170233588898171e-18 0 6.02259111
60.001 1.45968 0.38422 -3.77535e-10 -1.164634628761213e-18 0 6.14409018
60.001 1.45968 0.38422 -3.77535e-10 -1.159035668624255e-18 0 6.18454313
60.001 1.45968 0.38422 -3.77535e-10 -1.153436708487297e-18 0 6.13440752
60.001 1.45968 0.38422 -3.77535e-10 -1.147837748350339e-18 0 5.99003553
60.001 1.45968 0.38422 -3.77535e-10 -1.142238788213381e-18 0 5.7550025
60.001 1.45968 0.38422 -3.77535e-10 -1.136639828076423e-18 0 5.44022322
60.001 1.45968 0.38422 -3.77535e-10 -1.131040867939465e-18 0 5.06371641
60.001 1.45968 0.38422 -3.77535e-10 -1.125441907802507e-18 0 4.649755
60.001 1.45968 0.38422 -3.77535e-10 -1.119842947665549e-18 0 4.22719622
60.001 1.45968 0.38422 -3.77535e-10 -1.114243987528591e-18 0 3.82902098
60.001 1.45968 0.38422 -3.77535e-10 -1.108645027391633e-18 0 3.48822331
60.001 1.45968 0.38422 -3.77535e-10 -1.103046067254675e-18 0 3.23685527
60.001 1.45968 0.38422 -3.77535e-10 -1.097447107117717e-18 0 3.10323334
60.001 1.45968 0.38422 -3.77535e-10 -1.091848146980758e-18 0 3.1096828
60.001 1.45968 0.38422 -3.77535e-10 -1.0862491868438e-18 0 3.27115202
60.001 1.45968 0.38422 -3.77535e-10 -1.080650226706842e-18 0 3.59343505
60.001 1.45968 0.38422 -3.77535e-10 -1.075051266569884e-18 0 4.07270384
60.001 1.45968 0.38422 -3.77535e-10 -1.069452306432926e-18 0 4.69506788
60.001 1.45968 0.38422 -3.77535e-10 -1.063853346295968e-18 0 5.43746233
60.001 1.45968 0.38422 -3.77535e-10 -1.05825438615901e-18 0 6.26894712
60.001 1.45968 0.38422 -3.77535e-10 -1.052655426022052e-18 0 7.15219116
60.001 1.45968 0.38422 -3.77535e-10 -1.047056465885094e-18 0 8.04645729
60.001 1.45968 0.38422 -3.77535e-10 -1.041457505748136e-18 0 8.90937805
60.001 1.45968 0.38422 -3.77535e-10 -1.035858545611178e-18 0 9.70046902
60.001 1.45968 0.38422 -3.77535e-10 -1.03025958547422e-18 0 10.3832045
60.001 1.45968 0.38422 -3.77535e-10 -1.024660625337262e-18 0 10.9272919
60.001 1.45968 0.38422 -3.77535e-10 -1.019061665200304e-18 0 11.3111162
60.001 1.45968 0.38422 -3.77535e-10 -1.013462705063346e-18 0 11.5230436
60.001 1.45968 0.38422 -3.77535e-10 -1.007863744926388e-18 0 11.5607967
60.001 1.45968 0.38422 -3.77535e-10 -1.00226478478943e-18 0 11.4327183
60.001 1.45968 0.38422 -3.77535e-10 -9.966658246524717e-19 0 11.1561842
60.001 1.45968 0.38422 -3.77535e-10 -9.910668645155136e-19 0 10.7564182
60.001 1.45968 0.38422 -3.77535e-10 -9.854679043785556e-19 0 10.2638874
60.001 1.45968 0.38422 -3.77535e-10 -9.798689442415975e-19 0 9.7123909
60.001 1.45968 0.38422 -3.77535e-10 -9.742699841046395e-19 0 9.13663483
60.001 1.45968 0.38422 -3.77535e-10 -9.686710239676814e-19 0 8.56943798
60.001 1.45968 0.38422 -3.77535e-10 -9.630720638307234e-19 0 8.03952694
60.001 1.45968 0.38422 -3.77535e-10 -9.574731036937653e-19 0 7.57006598
60.001 1.45968 0.38422 -3.77535e-10 -9.518741435568073e-19 0 7.17688847
60.001 1.45968 0.38422 -3.77535e-10 -9.462751834198492e-19 0 6.86814308
60.001 1.45968 0.38422 -3.77535e-10 -9.406762232828912e-19 0 6.64480209
60.001 1.45968 0.38422 -3.77535e-10 -9.350772631459331e-19 0 6.50065708
60.001 1.45968 0.38422 -3.77535e-10 -9.294783030089751e-19 0 6.42437649
60.001 1.45968 0.38422 -3.77535e-10 -9.23879342872017e-19 0 6.40027237
60.001 1.45968 0.38422 -3.77535e-10 -9.18280382735059e-19 0 6.41143942
60.001 1.45968 0.38422 -3.77535e-10 -9.126814225981009e-19 0 6.440835
60.001 1.45968 0.38422 -3.77535e-10 -9.070824624611429e-19 0 6.47366858
60.001 1.45968 0.38422 -3.77535e-10 -9.014835023241849e-19 0 6.49868965
60.001 1.45968 0.38422 -3.77535e-10 -8.958845421872268e-19 0 6.50964928
60.001 1.45968 0.38422 -3.77535e-10 -8.902855820502688e-19 0 6.50534725
60.001 1.45968 0.38422 -3.77535e-10 -8.846866219133107e-19 0 6.49001837
60.001 1.45968 0.38422 -3.77535e-10 -8.790876617763527e-19 0 6.47234058
60.001 1.45968 0.38422 -3.77535e-10 -8.734887016393946e-19 0 6.46436739
60.001 1.45968 0.38422 -3.77535e-10 -8.678897415024366e-19 0 6.4798851
60.001 1.45968 0.38422 -3.77535e-10 -8.622907813654784e-19 0 6.53261471
60.001 1.45968 0.38422 -3.77535e-10 -8.566918212285203e-19 0 6.63409138
60.001 1.45968 0.38422 -3.77535e-10 -8.510928610915621e-19 0 6.79223061
60.001 1.45968 0.38422 -3.77535e-10 -8.45493900954604e-19 0 7.00977325
60.001 1.45968 0.38422 -3.77535e-10 -8.398949408176458e-19 0 7.28337812
60.001 1.45968 0.38422 -3.77535e-10 -8.342959806806877e-19 0 7.60308313
60.001 1.45968 0.38422 -3.77535e-10 -8.286970205437296e-19 0 7.95327187
60.001 1.45968 0.38422 -3.77535e-10 -8.230980604067714e-19 0 8.31335926
60.001 1.45968 0.38422 -3.77535e-10 -8.174991002698133e-19 0 8.65921688
60.001 1.45968 0.38422 -3.77535e-10 -8.119001401328551e-19 0 8.96535778
60.001 1.45968 0.38422 -3.77535e-10 -8.06301179995897e-19 0 9.20743084
60.001 1.45968 0.38422 -3.77535e-10 -8.007022198589388e-19 0 9.36421871
60.001 1.45968 0.38422 -3.77535e-10 -7.951032597219807e-19 0 9.42046261
60.001 1.45968 0.38422 -3.77535e-10 -7.895042995850225e-19 0 9.36753082
60.001 1.45968 0.38422 -3.77535e-10 -7.839053394480644e-19 0 9.2056551
60.001 1.45968 0.38422 -3.77535e-10 -7.783063793111063e-19 0 8.94371605
60.001 1.45968 0.38422 -3.77535e-10 -7.727074191741481e-19 0 8.59946442
60.001 1.45968 0.38422 -3.77535e-10 -7.6710845903719e-19 0 8.19804192
60.001 1.45968 0.38422 -3.77535e-10 -7.615094989002318e-19 0 7.77015734
60.001 1.45968 0.38422 -3.77535e-10 -7.559105387632737e-19 0 7.35005569
60.001 1.45968 0.38422 -3.77535e-10 -7.503115786263155e-19 0 6.97251654
60.001 1.45968 0.38422 -3.77535e-10 -7.447126184893574e-19 0 6.66978264
60.001 1.45968 0.38422 -3.77535e-10 -7.391136583523993e-19 0 6.46916056
60.001 1.45968 0.38422 -3.77535e-10 -7.335146982154411e-19 0 6.39030123
60.001 1.45968 0.38422 -3.77535e-10 -7.27915738078483e-19 0 6.44357491
60.001 1.45968 0.38422 -3.77535e-10 -7.223167779415248e-19 0 6.62866735
60.001 1.45968 0.38422 -3.77535e-10 -7.167178178045667e-19 0 6.93489218
60.001 1.45968 0.38422 -3.77535e-10 -7.111188576676085e-19 0 7.34170389
60.001 1.45968 0.38422 -3.77535e-10 -7.055198975306504e-19 0 7.82031727
60.001 1.45968 0.38422 -3.77535e-10 -6.999209373936922e-19 0 8.33610916
60.001 1.45968 0.38422 -3.77535e-10 -6.943219772567341e-19 0 8.85148335
60.001 1.45968 0.38422 -3.77535e-10 -6.88723017119776e-19 0 9.32958317
60.001 1.45968 0.38422 -3.77535e-10 -6.831240569828178e-19 0 9.73707962
60.001 1.45968 0.38422 -3.77535e-10 -6.775250968458597e-19 0 10.0474873
60.001 1.45968 0.38422 -3.77535e-10 -6.719261367089015e-19 0 10.2438078
60.001 1.45968 0.38422 -3.77535e-10 -6.663271765719434e-19 0 10.3198042
60.001 1.45968 0.38422 -3.77535e-10 -6.607282164349852e-19 0 10.2812881
60.001 1.45968 0.38422 -3.77535e-10 -6.551292562980271e-19 0 10.1457205
60.001 1.45968 0.38422 -3.77535e-10 -6.495302961610689e-19 0 9.94153023
60.001 1.45968 0.38422 -3.77535e-10 -6.439313360241108e-19 0 9.70514584
60.001 1.45968 0.38422 -3.77535e-10 -6.383323758871527e-19 0 9.47866631
60.001 1.45968 0.38422 -3.77535e-10 -6.327334157501945e-19 0 9.30640507
60.001 1.45968 0.38422 -3.77535e-10 -6.271344556132364e-19 0 9.23139763
60.001 1.45968 0.38422 -3.77535e-10 -6.215354954762782e-19 0 9.29172707
60.001 1.45968 0.38422 -3.77535e-10 -6.159365353393201e-19 0 9.51692295
60.001 1.45968 0.38422 -3.77535e-10 -6.103375752023619e-19 0 9.92590427
60.001 1.45968 0.38422 -3.77535e-10 -6.047386150654038e-19 0 10.5251741
60.001 1.45968 0.38422 -3.77535e-10 -5.991396549284456e-19 0 11.3077765
60.001 1.45968 0.38422 -3.77535e-10 -5.935406947914875e-19 0 12.2540197
60.001 1.45968 0.38422 -3.77535e-10 -5.879417346545294e-19 0 13.3322964
60.001 1.45968 0.38422 -3.77535e-10 -5.823427745175712e-19 0 14.501791
60.001 1.45968 0.38422 -3.77535e-10 -5.767438143806131e-19 0 15.7153349
60.001 1.45968 0.38422 -3.77535e-10 -5.711448542436549e-19 0 16.9226913
60.001 1.45968 0.38422 -3.77535e-10 -5.655458941066968e-19 0 18.0749683
60.001 1.45968 0.38422 -3.77535e-10 -5.599469339697386e-19 0 19.1266479
60.001 1.45968 0.38422 -3.77535e-10 -5.543479738327805e-19 0 20.0398445
60.001 1.45968 0.38422 -3.77535e-10 -5.487490136958224e-19 0 20.786377
60.001 1.45968 0.38422 -3.77535e-10 -5.431500535588642e-19 0 21.3493824
60.001 1.45968 0.38422 -3.77535e-10 -5.375510934219061e-19 0 21.7234383
60.001 1.45968 0.38422 -3.77535e-10 -5.319521332849479e-19 0 21.9151192
60.001 1.45968 0.38422 -3.77535e-10 -5.263531731479898e-19 0 21.9406796
60.001 1.45968 0.38422 -3.77535e-10 -5.207542130110316e-19 0 21.8248444
60.001 1.45968 0.38422 -3.77535e-10 -5.151552528740735e-19 0 21.5969849
60.001 1.45968 0.38422 -3.77535e-10 -5.095562927371153e-19 0 21.2895126
60.001 1.45968 0.38422 -3.77535e-10 -5.039573326001572e-19 0 20.9340286
60.001 1.45968 0.38422 -3.77535e-10 -4.983583724631991e-19 0 20.5583076
60.001 1.45968 0.38422 -3.77535e-10 -4.927594123262409e-19 0 20.1841755
60.001 1.45968 0.38422 -3.77535e-10 -4.871604521892828e-19 0 19.8262501
60.001 1.45968 0.38422 -3.77535e-10 -4.815614920523246e-19 0 19.4895611
60.001 1.45968 0.38422 -3.77535e-10 -4.759625319153665e-19 0 19.1723366
60.001 1.45968 0.38422 -3.77535e-10 -4.703635717784083e-19 0 18.863657
60.001 1.45968 0.38422 -3.77535e-10 -4.647646116414502e-19 0 18.5469646
60.001 1.45968 0.38422 -3.77535e-10 -4.59165651504492e-19 0 18.2019939
60.001 1.45968 0.38422 -3.77535e-10 -4.535666913675339e-19 0 17.8073292
60.001 1.45968 0.38422 -3.77535e-10 -4.479677312305758e-19 0 17.3427372
60.001 1.45968 0.38422 -3.77535e-10 -4.423687710936176e-19 0 16.7919827
60.001 1.45968 0.38422 -3.77535e-10 -4.367698109566595e-19 0 16.145443
60.001 1.45968 0.38422 -3.77535e-10 -4.311708508197013e-19 0 15.4016018
60.001 1.45968 0.38422 -3.77535e-10 -4.255718906827432e-19 0 14.5678186
60.001 1.45968 0.38422 -3.77535e-10 -4.19972930545785e-19 0 13.6605158
60.001 1.45968 0.38422 -3.77535e-10 -4.143739704088269e-19 0 12.7044487
60.001 1.45968 0.38422 -3.77535e-10 -4.087750102718687e-19 0 11.731843
60.001 1.45968 0.38422 -3.77535e-10 -4.031760501349106e-19 0 10.7792826
60.001 1.45968 0.38422 -3.77535e-10 -3.975770899979525e-19 0 9.8862648
60.001 1.45968 0.38422 -3.77535e-10 -3.919781298609943e-19 0 9.09142017
60.001 1.45968 0.38422 -3.77535e-10 -3.863791697240362e-19 0 8.43091011
60.001 1.45968 0.38422 -3.77535e-10 -3.80780209587078e-19 0 7.9350071
60.001 1.45968 0.38422 -3.77535e-10 -3.751812494501199e-19 0 7.62649488
60.001 1.45968 0.38422 -3.77535e-10 -3.695822893131617e-19 0 7.51926231
60.001 1.45968 0.38422 -3.77535e-10 -3.639833291762036e-19 0 7.61750603
60.001 1.45968 0.38422 -3.77535e-10 -3.583843690392455e-19 0 7.91538668
60.001 1.45968 0.38422 -3.77535e-10 -3.527854089022873e-19 0 8.39833641
60.001 1.45968 0.38422 -3.77535e-10 -3.471864487653292e-19 0 9.04424095
60.001 1.45968 0.38422 -3.77535e-10 -3.41587488628371e-19 0 9.82518196
60.001 1.45968 0.38422 -3.77535e-10 -3.359885284914129e-19 0 10.7099247
60.001 1.45968 0.38422 -3.77535e-10 -3.303895683544547e-19 0 11.6656656
60.001 1.45968 0.38422 -3.77535e-10 -3.247906082174966e-19 0 12.6604681
60.001 1.45968 0.38422 -3.77535e-10 -3.191916480805384e-19 0 13.6651793
60.001 1.45968 0.38422 -3.77535e-10 -3.135926879435803e-19 0 14.6549368
60.001 1.45968 0.38422 -3.77535e-10 -3.079937278066222e-19 0 15.60991
60.001 1.45968 0.38422 -3.77535e-10 -3.02394767669664e-19 0 16.5156345
60.001 1.45968 0.38422 -3.77535e-10 -2.967958075327059e-19 0 17.363308
60.001 1.45968 0.38422 -3.77535e-10 -2.911968473957477e-19 0 18.1485043
60.001 1.45968 0.38422 -3.77535e-10 -2.855978872587896e-19 0 18.8689423
60.001 1.45968 0.38422 -3.77535e-10 -2.799989271218314e-19 0 19.5259094
60.001 1.45968 0.38422 -3.77535e-10 -2.743999669848733e-19 0 20.12076
60.001 1.45968 0.38422 -3.77535e-10 -2.688010068479151e-19 0 20.6543808
60.001 1.45968 0.38422 -3.77535e-10 -2.63202046710957e-19 0 21.1263962
60.001 1.45968 0.38422 -3.77535e-10 -2.576030865739989e-19 0 21.5342808
60.001 1.45968 0.38422 -3.77535e-10 -2.520041264370407e-19 0 21.8737869
60.001 1.45968 0.38422 -3.77535e-10 -2.464051663000826e-19 0 22.1390686
60.001 1.45968 0.38422 -3.77535e-10 -2.408062061631244e-19 0 22.32341
60.001 1.45968 0.38422 -3.77535e-10 -2.352072460261663e-19 0 22.4215317
60.001 1.45968 0.38422 -3.77535e-10 -2.296082858892081e-19 0 22.4302063
60.001 1.45968 0.38422 -3.77535e-10 -2.2400932575225e-19 0 22.3497429
60.001 1.45968 0.38422 -3.77535e-10 -2.184103656152918e-19 0 22.186533
60.001 1.45968 0.38422 -3.77535e-10 -2.128114054783337e-19 0 21.9526634
60.001 1.45968 0.38422 -3.77535e-10 -2.072124453413756e-19 0 21.6679173
60.001 1.45968 0.38422 -3.77535e-10 -2.016134852044174e-19 0 21.35882
60.001 1.45968 0.38422 -3.77535e-10 -1.960145250674593e-19 0 21.0582962
60.001 1.45968 0.38422 -3.77535e-10 -1.904155649305011e-19 0 20.8042336
60.001 1.45968 0.38422 -3.77535e-10 -1.84816604793543e-19 0 20.6374073
60.001 1.45968 0.38422 -3.77535e-10 -1.792176446565848e-19 0 20.5993519
60.001 1.45968 0.38422 -3.77535e-10 -1.736186845196267e-19 0 20.7293358
60.001 1.45968 0.38422 -3.77535e-10 -1.680197243826686e-19 0 21.0612087
60.001 1.45968 0.38422 -3.77535e-10 -1.624207642457104e-19 0 21.6213531
60.001 1.45968 0.38422 -3.77535e-10 -1.568218041087523e-19 0 22.4257107
60.001 1.45968 0.38422 -3.77535e-10 -1.512228439717941e-19 0 23.4793816
60.001 1.45968 0.38422 -3.77535e-10 -1.45623883834836e-19 0 24.77458
60.001 1.45968 0.38422 -3.77535e-10 -1.400249236978778e-19 0 26.2915287
60.001 1.45968 0.38422 -3.77535e-10 -1.344259635609197e-19 0 27.9997902
60.001 1.45968 0.38422 -3.77535e-10 -1.288270034239615e-19 0 29.8607903
60.001 1.45968 0.38422 -3.77535e-10 -1.232280432870034e-19 0 31.8295326
60.001 1.45968 0.38422 -3.77535e-10 -1.176290831500453e-19 0 33.859211
60.001 1.45968 0.38422 -3.77535e-10 -1.120301230130871e-19 0 35.9051361
60.001 1.45968 0.38422 -3.77535e-10 -1.06431162876129e-19 0 37.9280396
60.001 1.45968 0.38422 -3.77535e-10 -1.008322027391708e-19 0 39.8980217
60.001 1.45968 0.38422 -3.77535e-10 -9.523324260221268e-20 0 41.7974281
60.001 1.45968 0.38422 -3.77535e-10 -8.963428246525453e-20 0 43.6222
60.001 1.45968 0.38422 -3.77535e-10 -8.403532232829639e-20 0 45.383419
60.001 1.45968 0.38422 -3.77535e-10 -7.843636219133825e-20 0 47.1059647
60.001 1.45968 0.38422 -3.77535e-10 -7.28374020543801e-20 0 48.8270683
60.001 1.45968 0.38422 -3.77535e-10 -6.723844191742196e-20 0 50.5923767
60.001 1.45968 0.38422 -3.77535e-10 -6.163948178046381e-20 0 52.4521713
60.001 1.45968 0.38422 -3.77535e-10 -5.604052164350567e-20 0 54.4570503
60.001 1.45968 0.38422 -3.77535e-10 -5.044156150654752e-20 0 56.6503792
60.001 1.45968 0.38422 -3.77535e-10 -4.484260136958938e-20 0 59.0643349
60.001 1.45968 0.38422 -3.77535e-10 -3.924364123263124e-20 0 61.7148666
60.001 1.45968 0.38422 -3.77535e-10 -3.364468109567309e-20 0 64.5979233
60.001 1.45968 0.38422 -3.77535e-10 -2.804572095871495e-20 0 67.685051
60.001 1.45968 0.38422 -3.77535e-10 -2.244676082175681e-20 0 70.923912
60.001 1.45968 0.38422 -3.77535e-10 -1.684780068479867e-20 0 74.2375793
60.001 1.45968 0.38422 -3.77535e-10 -1.124884054784052e-20 0 77.5275269
60.001 1.45968 0.38422 -3.77535e-10 -5.649880410882384e-21 0 80.6796112
60.001 1.45968 0.38422 -3.77535e-10 -5.092027392424267e-23 0 83.5659561
60.001 1.45968 0.38422 -3.77535e-10 5.548039863033898e-21 0 86.0555496
60.001 1.45968 0.38422 -3.77535e-10 1.114699999999204e-20 0 88.0199432
60.001 1.45968 0.38422 -3.77535e-10 1.674596013695018e-20 0 89.3428574
60.001 1.45968 0.38422 -3.77535e-10 2.234492027390832e-20 0 89.9270477
60.001 1.45968 0.38422 -3.77535e-10 2.794388041086646e-20 0 89.7016068
60.001 1.45968 0.38422 -3.77535e-10 3.35428405478246e-20 0 88.6270447
60.001 1.45968 0.38422 -3.77535e-10 3.914180068478275e-20 0 86.700119
60.001 1.45968 0.38422 -3.77535e-10 4.474076082174089e-20 0 83.9562912
60.001 1.45968 0.38422 -3.77535e-10 5.033972095869903e-20 0 80.4664459
60.001 1.45968 0.38422 -3.77535e-10 5.593868109565718e-20 0 76.3370514
60.001 1.45968 0.38422 -3.77535e-10 6.153764123261532e-20 0 71.7026978
60.001 1.45968 0.38422 -3.77535e-10 6.713660136957347e-20 0 66.7216415
60.001 1.45968 0.38422 -3.77535e-10 7.273556150653161e-20 0 61.5648613
60.001 1.45968 0.38422 -3.77535e-10 7.833452164348975e-20 0 56.4096222
60.001 1.45968 0.38422 -3.77535e-10 8.39334817804479e-20 0 51.4280663
60.001 1.45968 0.38422 -3.77535e-10 8.953244191740604e-20 0 46.7782211
60.001 1.45968 0.38422 -3.77535e-10 9.513140205436419e-20 0 42.5953865
60.001 1.45968 0.38422 -3.77535e-10 1.007303621913223e-19 0 38.9856911
60.001 1.45968 0.38422 -3.77535e-10 1.063293223282805e-19 0 36.0207443
60.001 1.45968 0.38422 -3.77535e-10 1.119282824652386e-19 0 33.7348099
60.001 1.45968 0.38422 -3.77535e-10 1.175272426021968e-19 0 32.1240768
60.001 1.45968 0.38422 -3.77535e-10 1.231262027391549e-19 0 31.148304
60.001 1.45968 0.38422 -3.77535e-10 1.28725162876113e-19 0 30.7346878
60.001 1.45968 0.38422 -3.77535e-10 1.343241230130712e-19 0 30.7840424
60.001 1.45968 0.38422 -3.77535e-10 1.399230831500293e-19 0 31.1778831
60.001 1.45968 0.38422 -3.77535e-10 1.455220432869875e-19 0 31.7865963
60.001 1.45968 0.38422 -3.77535e-10 1.511210034239456e-19 0 32.4782219
60.001 1.45968 0.38422 -3.77535e-10 1.567199635609038e-19 0 33.1266823
60.001 1.45968 0.38422 -3.77535e-10 1.623189236978619e-19 0 33.619297
60.001 1.45968 0.38422 -3.77535e-10 1.6791788383482e-19 0 33.8630486
60.001 1.45968 0.38422 -3.77535e-10 1.735168439717782e-19 0 33.7906876
60.001 1.45968 0.38422 -3.77535e-10 1.791158041087363e-19 0 33.3612862
60.001 1.45968 0.38422 -3.77535e-10 1.847147642456945e-19 0 32.5638428
60.001 1.45968 0.38422 -3.77535e-10 1.903137243826526e-19 0 31.4147053
60.001 1.45968 0.38422 -3.77535e-10 1.959126845196108e-19 0 29.9553738
60.001 1.45968 0.38422 -3.77535e-10 2.015116446565689e-19 0 28.2478924
60.001 1.45968 0.38422 -3.77535e-10 2.071106047935271e-19 0 26.3701763
60.001 1.45968 0.38422 -3.77535e-10 2.127095649304852e-19 0 24.409483
60.001 1.45968 0.38422 -3.77535e-10 2.183085250674433e-19 0 22.4560318
60.001 1.45968 0.38422 -3.77535e-10 2.239074852044015e-19 0 20.5970898
60.001 1.45968 0.38422 -3.77535e-10 2.295064453413596e-19 0 18.9112644
60.001 1.45968 0.38422 -3.77535e-10 2.351054054783178e-19 0 17.4638996
60.001 1.45968 0.38422 -3.77535e-10 2.407043656152759e-19 0 16.3041649
60.001 1.45968 0.38422 -3.77535e-10 2.463033257522341e-19 0 15.4623623
60.001 1.45968 0.38422 -3.77535e-10 2.519022858891922e-19 0 14.9496498
60.001 1.45968 0.38422 -3.77535e-10 2.575012460261504e-19 0 14.7576914
60.001 1.45968 0.38422 -3.77535e-10 2.631002061631085e-19 0 14.8618107
60.001 1.45968 0.38422 -3.77535e-10 2.686991663000666e-19 0 15.223424
60.001 1.45968 0.38422 -3.77535e-10 2.742981264370248e-19 0 15.7926817
60.001 1.45968 0.38422 -3.77535e-10 2.798970865739829e-19 0 16.5126095
60.001 1.45968 0.38422 -3.77535e-10 2.854960467109411e-19 0 17.3235836
60.001 1.45968 0.38422 -3.77535e-10 2.910950068478992e-19 0 18.1663036
60.001 1.45968 0.38422 -3.77535e-10 2.966939669848574e-19 0 18.985405
60.001 1.45968 0.38422 -3.77535e-10 3.022929271218155e-19 0 19.7319393
60.001 1.45968 0.38422 -3.77535e-10 3.078918872587737e-19 0 20.3655815
60.001 1.45968 0.38422 -3.77535e-10 3.134908473957318e-19 0 20.8557816
60.001 1.45968 0.38422 -3.77535e-10 3.190898075326899e-19 0 21.1820164
60.001 1.45968 0.38422 -3.77535e-10 3.246887676696481e-19 0 21.3341827
60.001 1.45968 0.38422 -3.77535e-10 3.302877278066062e-19 0 21.3108711
60.001 1.45968 0.38422 -3.77535e-10 3.358866879435644e-19 0 21.1196804
60.001 1.45968 0.38422 -3.77535e-10 3.414856480805225e-19 0 20.7738972
60.001 1.45968 0.38422 -3.77535e-10 3.470846082174807e-19 0 20.2935677
60.001 1.45968 0.38422 -3.77535e-10 3.526835683544388e-19 0 19.7016544
60.001 1.45968 0.38422 -3.77535e-10 3.582825284913969e-19 0 19.0240707
60.001 1.45968 0.38422 -3.77535e-10 3.638814886283551e-19 0 18.2876816
60.001 1.45968 0.38422 -3.77535e-10 3.694804487653132e-19 0 17.520237
60.001 1.45968 0.38422 -3.77535e-10 3.750794089022714e-19 0 16.7485504
60.001 1.45968 0.38422 -3.77535e-10 3.806783690392295e-19 0 15.9986219
60.001 1.45968 0.38422 -3.77535e-10 3.862773291761877e-19 0 15.2951183
60.001 1.45968 0.38422 -3.77535e-10 3.918762893131458e-19 0 14.6606112
60.001 1.45968 0.38422 -3.77535e-10 3.97475249450104e-19 0 14.1152411
60.001 1.45968 0.38422 -3.77535e-10 4.030742095870621e-19 0 13.6768475
60.001 1.45968 0.38422 -3.77535e-10 4.086731697240202e-19 0 13.3598833
60.001 1.45968 0.38422 -3.77535e-10 4.142721298609784e-19 0 13.1755543
60.001 1.45968 0.38422 -3.77535e-10 4.198710899979365e-19 0 13.130619
60.001 1.45968 0.38422 -3.77535e-10 4.254700501348947e-19 0 13.2274332
60.001 1.45968 0.38422 -3.77535e-10 4.310690102718528e-19 0 13.4632559
60.001 1.45968 0.38422 -3.77535e-10 4.366679704088109e-19 0 13.8298244
60.001 1.45968 0.38422 -3.77535e-10 4.422669305457691e-19 0 14.3138552
60.001 1.45968 0.38422 -3.77535e-10 4.478658906827272e-19 0 14.8967457
60.001 1.45968 0.38422 -3.77535e-10 4.534648508196854e-19 0 15.5548344
60.001 1.45968 0.38422 -3.77535e-10 4.590638109566435e-19 0 16.2608528
60.001 1.45968 0.38422 -3.77535e-10 4.646627710936016e-19 0 16.9845448
60.001 1.45968 0.38422 -3.77535e-10 4.702617312305598e-19 0 17.6942024
60.001 1.45968 0.38422 -3.77535e-10 4.758606913675179e-19 0 18.3581944
60.001 1.45968 0.38422 -3.77535e-10 4.814596515044761e-19 0 18.9464264
60.001 1.45968 0.38422 -3.77535e-10 4.870586116414342e-19 0 19.4320221
60.001 1.45968 0.38422 -3.77535e-10 4.926575717783924e-19 0 19.7925625
60.001 1.45968 0.38422 -3.77535e-10 4.982565319153505e-19 0 20.0112839
60.001 1.45968 0.38422 -3.77535e-10 5.038554920523086e-19 0 20.0783443
60.001 1.45968 0.38422 -3.77535e-10 5.094544521892668e-19 0 19.9906731
60.001 1.45968 0.38422 -3.77535e-10 5.150534123262249e-19 0 19.7521687
60.001 1.45968 0.38422 -3.77535e-10 5.206523724631831e-19 0 19.3733959
60.001 1.45968 0.38422 -3.77535e-10 5.262513326001412e-19 0 18.8702431
60.001 1.45968 0.38422 -3.77535e-10 5.318502927370994e-19 0 18.2627029
60.001 1.45968 0.38422 -3.77535e-10 5.374492528740575e-19 0 17.5741425
60.001 1.45968 0.38422 -3.77535e-10 5.430482130110157e-19 0 16.8284969
60.001 1.45968 0.38422 -3.77535e-10 5.486471731479738e-19 0 16.0499268
60.001 1.45968 0.38422 -3.77535e-10 5.542461332849319e-19 0 15.2604094
60.001 1.45968 0.38422 -3.77535e-10 5.598450934218901e-19 0 14.4791079
60.001 1.45968 0.38422 -3.77535e-10 5.654440535588482e-19 0 13.7215242
60.001 1.45968 0.38422 -3.77535e-10 5.710430136958064e-19 0 12.9986925
60.001 1.45968 0.38422 -3.77535e-10 5.766419738327645e-19 0 12.3176584
60.001 1.45968 0.38422 -3.77535e-10 5.822409339697227e-19 0 11.68116
60.001 1.45968 0.38422 -3.77535e-10 5.878398941066808e-19 0 11.0890713
60.001 1.45968 0.38422 -3.77535e-10 5.93438854243639e-19 0 10.5390444
60.001 1.45968 0.38422 -3.77535e-10 5.990378143805971e-19 0 10.0275545
60.001 1.45968 0.38422 -3.77535e-10 6.046367745175552e-19 0 9.55085659
60.001 1.45968 0.38422 -3.77535e-10 6.102357346545134e-19 0 9.10629082
60.001 1.45968 0.38422 -3.77535e-10 6.158346947914715e-19 0 8.69287586
60.001 1.45968 0.38422 -3.77535e-10 6.214336549284297e-19 0 8.31170368
60.001 1.45968 0.38422 -3.77535e-10 6.270326150653878e-19 0 7.96644545
60.001 1.45968 0.38422 -3.77535e-10 6.32631575202346e-19 0 7.66261959
60.001 1.45968 0.38422 -3.77535e-10 6.382305353393041e-19 0 7.40726566
60.001 1.45968 0.38422 -3.77535e-10 6.438294954762623e-19 0 7.20799208
60.001 1.45968 0.38422 -3.77535e-10 6.494284556132204e-19 0 7.07188272
60.001 1.45968 0.38422 -3.77535e-10 6.550274157501785e-19 0 7.00461578
60.001 1.45968 0.38422 -3.77535e-10 6.606263758871367e-19 0 7.00881243
60.001 1.45968 0.38422 -3.77535e-10 6.662253360240948e-19 0 7.08353853
60.001 1.45968 0.38422 -3.77535e-10 6.71824296161053e-19 0 7.22330523
60.001 1.45968 0.38422 -3.77535e-10 6.774232562980111e-19 0 7.41778612
60.001 1.45968 0.38422 -3.77535e-10 6.830222164349693e-19 0 7.65198708
60.001 1.45968 0.38422 -3.77535e-10 6.886211765719274e-19 0 7.90709448
60.001 1.45968 0.38422 -3.77535e-10 6.942201367088855e-19 0 8.16060066
60.001 1.45968 0.38422 -3.77535e-10 6.998190968458437e-19 0 8.3881855
60.001 1.45968 0.38422 -3.77535e-10 7.054180569828018e-19 0 8.56536293
60.001 1.45968 0.38422 -3.77535e-10 7.1101701711976e-19 0 8.66866589
60.001 1.45968 0.38422 -3.77535e-10 7.166159772567181e-19 0 8.67812824
60.001 1.45968 0.38422 -3.77535e-10 7.222149373936763e-19 0 8.57803345
60.001 1.45968 0.38422 -3.77535e-10 7.278138975306344e-19 0 8.35872841
60.001 1.45968 0.38422 -3.77535e-10 7.334128576675926e-19 0 8.01724434
60.001 1.45968 0.38422 -3.77535e-10 7.390118178045507e-19 0 7.55825567
60.001 1.45968 0.38422 -3.77535e-10 7.446107779415088e-19 0 6.9934082
60.001 1.45968 0.38422 -3.77535e-10 7.50209738078467e-19 0 6.341187
60.001 1.45968 0.38422 -3.77535e-10 7.558086982154251e-19 0 5.62570381
60.001 1.45968 0.38422 -3.77535e-10 7.614076583523833e-19 0 4.87503862
60.001 1.45968 0.38422 -3.77535e-10 7.670066184893414e-19 0 4.11966228
60.001 1.45968 0.38422 -3.77535e-10 7.726055786262996e-19 0 3.3906455
60.001 1.45968 0.38422 -3.77535e-10 7.782045387632577e-19 0 2.7174933
60.001 1.45968 0.38422 -3.77535e-10 7.838034989002159e-19 0 2.12615442
60.001 1.45968 0.38422 -3.77535e-10 7.89402459037174e-19 0 1.63757586
60.001 1.45968 0.38422 -3.77535e-10 7.950014191741321e-19 0 1.26661265
60.001 1.45968 0.38422 -3.77535e-10 8.006003793110903e-19 0 1.02094543
60.001 1.45968 0.38422 -3.77535e-10 8.061993394480484e-19 0 0.901060522
60.001 1.45968 0.38422 -3.77535e-10 8.117982995850066e-19 0 0.900277615
60.001 1.45968 0.38422 -3.77535e-10 8.173972597219647e-19 0 1.00553489
60.001 1.45968 0.38422 -3.77535e-10 8.229962198589229e-19 0 1.1986506
60.001 1.45968 0.38422 -3.77535e-10 8.28595179995881e-19 0 1.45751524
60.001 1.45968 0.38422 -3.77535e-10 8.341941401328392e-19 0 1.75789583
60.001 1.45968 0.38422 -3.77535e-10 8.397931002697973e-19 0 2.07505798
60.001 1.45968 0.38422 -3.77535e-10 8.453920604067554e-19 0 2.38551617
60.001 1.45968 0.38422 -3.77535e-10 8.509910205437136e-19 0 2.66858196
60.001 1.45968 0.38422 -3.77535e-10 8.565899806806717e-19 0 2.90740466
60.001 1.45968 0.38422 -3.77535e-10 8.621889408176299e-19 0 3.08997178
60.001 1.45968 0.38422 -3.77535e-10 8.677879009545879e-19 0 3.20938373
60.001 1.45968 0.38422 -3.77535e-10 8.73386861091546e-19 0 3.2642467
60.001 1.45968 0.38422 -3.77535e-10 8.78985821228504e-19 0 3.25796437
60.001 1.45968 0.38422 -3.77535e-10 8.845847813654621e-19 0 3.19816661
60.001 1.45968 0.38422 -3.77535e-10 8.901837415024201e-19 0 3.09615135
60.001 1.45968 0.38422 -3.77535e-10 8.957827016393782e-19 0 2.9649508
60.001 1.45968 0.38422 -3.77535e-10 9.013816617763362e-19 0 2.81849933
60.001 1.45968 0.38422 -3.77535e-10 9.069806219132943e-19 0 2.67057943
60.001 1.45968 0.38422 -3.77535e-10 9.125795820502523e-19 0 2.53344417
60.001 1.45968 0.38422 -3.77535e-10 9.181785421872103e-19 0 2.41704631
60.001 1.45968 0.38422 -3.77535e-10 9.237775023241684e-19 0 2.32827878
60.001 1.45968 0.38422 -3.77535e-10 9.293764624611264e-19 0 2.27082586
60.001 1.45968 0.38422 -3.77535e-10 9.349754225980845e-19 0 2.24464178
60.001 1.45968 0.38422 -3.77535e-10 9.405743827350425e-19 0 2.24668145
60.001 1.45968 0.38422 -3.77535e-10 9.461733428720006e-19 0 2.27108788
60.001 1.45968 0.38422 -3.77535e-10 9.517723030089586e-19 0 2.30998755
60.001 1.45968 0.38422 -3.77535e-10 9.573712631459167e-19 0 2.35411263
60.001 1.45968 0.38422 -3.77535e-10 9.629702232828747e-19 0 2.39405036
60.001 1.45968 0.38422 -3.77535e-10 9.685691834198328e-19 0 2.42066002
60.001 1.45968 0.38422 -3.77535e-10 9.741681435567908e-19 0 2.42627406
60.001 1.45968 0.38422 -3.77535e-10 9.797671036937489e-19 0 2.40514708
60.001 1.45968 0.38422 -3.77535e-10 9.853660638307069e-19 0 2.3537643
60.001 1.45968 0.38422 -3.77535e-10 9.90965023967665e-19 0 2.27153158
60.001 1.45968 0.38422 -3.77535e-10 9.96563984104623e-19 0 2.16020632
60.001 1.45968 0.38422 -3.77535e-10 1.002162944241581e-18 0 2.02418661
60.001 1.45968 0.38422 -3.77535e-10 1.007761904378539e-18 0 1.86989963
60.001 1.45968 0.38422 -3.77535e-10 1.013360864515497e-18 0 1.7054348
60.001 1.45968 0.38422 -3.77535e-10 1.018959824652455e-18 0 1.53959334
60.001 1.45968 0.38422 -3.77535e-10 1.024558784789413e-18 0 1.38143587
60.001 1.45968 0.38422 -3.77535e-10 1.030157744926371e-18 0 1.23965907
60.001 1.45968 0.38422 -3.77535e-10 1.035756705063329e-18 0 1.1218605
60.001 1.45968 0.38422 -3.77535e-10 1.041355665200287e-18 0 1.03418291
60.001 1.45968 0.38422 -3.77535e-10 1.046954625337245e-18 0 0.981002688
60.001 1.45968 0.38422 -3.77535e-10 1.052553585474203e-18 0 0.964598835
60.001 1.45968 0.38422 -3.77535e-10 1.058152545611162e-18 0 0.985427201
60.001 1.45968 0.38422 -3.77535e-10 1.06375150574812e-18 0 1.04204166
60.001 1.45968 0.38422 -3.77535e-10 1.069350465885078e-18 0 1.13153255
60.001 1.45968 0.38422 -3.77535e-10 1.074949426022036e-18 0 1.25004113
60.001 1.45968 0.38422 -3.77535e-10 1.080548386158994e-18 0 1.39293802
60.001 1.45968 0.38422 -3.77535e-10 1.086147346295952e-18 0 1.55561626
60.001 1.45968 0.38422 -3.77535e-10 1.09174630643291e-18 0 1.73376513
60.001 1.45968 0.38422 -3.77535e-10 1.097345266569868e-18 0 1.9238075
60.001 1.45968 0.38422 -3.77535e-10 1.102944226706826e-18 0 2.12301755
60.001 1.45968 0.38422 -3.77535e-10 1.108543186843784e-18 0 2.329813
60.001 1.45968 0.38422 -3.77535e-10 1.114142146980742e-18 0 2.54354429
60.001 1.45968 0.38422 -3.77535e-10 1.1197411071177e-18 0 2.76457334
60.001 1.45968 0.38422 -3.77535e-10 1.125340067254658e-18 0 2.99365067
60.001 1.45968 0.38422 -3.77535e-10 1.130939027391616e-18 0 3.23182797
60.001 1.45968 0.38422 -3.77535e-10 1.136537987528574e-18 0 3.4796741
60.001 1.45968 0.38422 -3.77535e-10 1.142136947665532e-18 0 3.73720169
60.001 1.45968 0.38422 -3.77535e-10 1.14773590780249e-18 0 4.00319815
60.001 1.45968 0.38422 -3.77535e-10 1.153334867939448e-18 0 4.27496386
60.001 1.45968 0.38422 -3.77535e-10 1.158933828076406e-18 0 4.54824066
60.001 1.45968 0.38422 -3.77535e-10 1.164532788213364e-18 0 4.81715918
60.001 1.45968 0.38422 -3.77535e-10 1.170131748350323e-18 0 5.07431889
60.001 1.45968 0.38422 -3.77535e-10 1.175730708487281e-18 0 5.31124353
60.001 1.45968 0.38422 -3.77535e-10 1.181329668624239e-18 0 5.51869535
60.001 1.45968 0.38422 -3.77535e-10 1.186928628761197e-18 0 5.68771648
60.001 1.45968 0.38422 -3.77535e-10 1.192527588898155e-18 0 5.80998755
60.001 1.45968 0.38422 -3.77535e-10 1.198126549035113e-18 0 5.87866926
60.001 1.45968 0.38422 -3.77535e-10 1.203725509172071e-18 0 5.88932085
60.001 1.45968 0.38422 -3.77535e-10 1.209324469309029e-18 0 5.83991575
60.001 1.45968 0.38422 -3.77535e-10 1.214923429445987e-18 0 5.73195791
60.001 1.45968 0.38422 -3.77535e-10 1.220522389582945e-18 0 5.57048035
60.001 1.45968 0.38422 -3.77535e-10 1.226121349719903e-18 0 5.36377192
60.001 1.45968 0.38422 -3.77535e-10 1.231720309856861e-18 0 5.12332106
60.001 1.45968 0.38422 -3.77535e-10 1.237319269993819e-18 0 4.86314678
60.001 1.45968 0.38422 -3.77535e-10 1.242918230130777e-18 0 4.59886694
60.001 1.45968 0.38422 -3.77535e-10 1.248517190267735e-18 0 4.34698105
60.001 1.45968 0.38422 -3.77535e-10 1.254116150404693e-18 0 4.1239028
60.001 1.45968 0.38422 -3.77535e-10 1.259715110541651e-18 0 3.94417977
60.001 1.45968 0.38422 -3.77535e-10 1.265314070678609e-18 0 3.82015085
60.001 1.45968 0.38422 -3.77535e-10 1.270913030815567e-18 0 3.76025128
60.001 1.45968 0.38422 -3.77535e-10 1.276511990952525e-18 0 3.76913691
60.001 1.45968 0.38422 -3.77535e-10 1.282110951089483e-18 0 3.84636879
60.001 1.45968 0.38422 -3.77535e-10 1.287709911226442e-18 0 3.98676801
60.001 1.45968 0.38422 -3.77535e-10 1.2933088713634e-18 0 4.18051481
60.001 1.45968 0.38422 -3.77535e-10 1.298907831500358e-18 0 4.41376972
60.001 1.45968 0.38422 -3.77535e-10 1.304506791637316e-18 0 4.66928148
60.001 1.45968 0.38422 -3.77535e-10 1.310105751774274e-18 0 4.9280386
60.001 1.45968 0.38422 -3.77535e-10 1.315704711911232e-18 0 5.16997814
60.001 1.45968 0.38422 -3.77535e-10 1.32130367204819e-18 0 5.37583017
60.001 1.45968 0.38422 -3.77535e-10 1.326902632185148e-18 0 5.52810621
60.001 1.45968 0.38422 -3.77535e-10 1.332501592322106e-18 0 5.61291647
60.001 1.45968 0.38422 -3.77535e-10 1.338100552459064e-18 0 5.62040234
60.001 1.45968 0.38422 -3.77535e-10 1.343699512596022e-18 0 5.54578495
60.001 1.45968 0.38422 -3.77535e-10 1.34929847273298e-18 0 5.38982296
60.001 1.45968 0.38422 -3.77535e-10 1.354897432869938e-18 0 5.15858364
60.001 1.45968 0.38422 -3.77535e-10 1.360496393006896e-18 0 4.86300993
60.001 1.45968 0.38422 -3.77535e-10 1.366095353143854e-18 0 4.5186615
60.001 1.45968 0.38422 -3.77535e-10 1.371694313280812e-18 0 4.1438489
60.001 1.45968 0.38422 -3.77535e-10 1.37729327341777e-18 0 3.75901937
60.001 1.45968 0.38422 -3.77535e-10 1.382892233554728e-18 0 3.38503003
60.001 1.45968 0.38422 -3.77535e-10 1.388491193691686e-18 0 3.04177165
60.001 1.45968 0.38422 -3.77535e-10 1.394090153828644e-18 0 2.74676752
60.001 1.45968 0.38422 -3.77535e-10 1.399689113965602e-18 0 2.51407099
60.001 1.45968 0.38422 -3.77535e-10 1.405288074102561e-18 0 2.35326934
60.001 1.45968 0.38422 -3.77535e-10 1.410887034239519e-18 0 2.26905084
%DONE
