%% cmdline: /home/m206265/.local/bin/lalapps_ComputeFstatistic_v2 --Alpha=1.45968 --Delta=0.38422 --Freq=60.00099988230199 --f1dot=-3.77633504783336e-10 --f2dot=-6.945772755337133e-20 --FreqBand=2.353960193482305e-07 --f1dotBand=1.970095666720493e-13 --f2dotBand=1.612094551067427e-19 --dFreq=1.775698080186264e-07 --df1dot=3.153103671977183e-14 --df2dot=5.598960136958141e-21 --DataFiles="/home/m206265/lalapps_work/SFTinj/*.sft" --assumeSqrtSX="0.00751" --refTime=1171754150 --outputFstat="Fstat_nonoise_3fband_noshift.txt" --FstatMethod=DemodSSE
%% LAL: 7.1.5 (UNCLEAN 53aa4afe025550f99f1042f83420085e09e6a5fc)
%% LALFrame: 1.6.0 (UNCLEAN 53aa4afe025550f99f1042f83420085e09e6a5fc)
%% LALMetaIO: 2.1.0 (UNCLEAN 53aa4afe025550f99f1042f83420085e09e6a5fc)
%% LALSimulation: 3.1.0 (UNCLEAN 53aa4afe025550f99f1042f83420085e09e6a5fc)
%% LALBurst: 1.5.10 (UNCLEAN 53aa4afe025550f99f1042f83420085e09e6a5fc)
%% LALInspiral: 2.0.4 (UNCLEAN 53aa4afe025550f99f1042f83420085e09e6a5fc)
%% LALPulsar: 3.1.1 (UNCLEAN 53aa4afe025550f99f1042f83420085e09e6a5fc)
%% LALInference: 3.0.1 (UNCLEAN 53aa4afe025550f99f1042f83420085e09e6a5fc)
%% LALApps: 7.4.0 (UNCLEAN 53aa4afe025550f99f1042f83420085e09e6a5fc)
%% FstatMethod used: 'DemodSSE'
%% Started search: 2022-02-25 16:54:16.1290
%% Loaded SFTs: [ H1:2159, L1:1948 ]
%% GPS starttime         = 1167983370 (Mon Jan  9 07:49:12 2017 GMT)
%% Total time spanned    = 5631588 s (1564.33 hours)
%% Pulsar-params refTime = 1171754150
%% Spin-range at refTime: fkdot = [ 60.00099988230199:60.00100011769801, -3.77633504783336e-10:-3.774364952166639e-10, -6.945772755337133e-20:9.175172755337134e-20, 0:0, 0:0, 0:0, 0:0 ]
%% columns:
%% freq alpha delta f1dot f2dot f3dot 2F
60.00099988230199 1.45968 0.38422 -3.77633504783336e-10 -6.945772755337133e-20 0 18.3800507
60.0010000598718 1.45968 0.38422 -3.77633504783336e-10 -6.945772755337133e-20 0 51.4560013
60.00099988230199 1.45968 0.38422 -3.776019737466162e-10 -6.945772755337133e-20 0 8.81948185
60.0010000598718 1.45968 0.38422 -3.776019737466162e-10 -6.945772755337133e-20 0 67.2118912
60.00099988230199 1.45968 0.38422 -3.775704427098964e-10 -6.945772755337133e-20 0 7.62369204
60.0010000598718 1.45968 0.38422 -3.775704427098964e-10 -6.945772755337133e-20 0 67.2343292
60.00099988230199 1.45968 0.38422 -3.775389116731767e-10 -6.945772755337133e-20 0 10.407156
60.0010000598718 1.45968 0.38422 -3.775389116731767e-10 -6.945772755337133e-20 0 55.0447006
60.00099988230199 1.45968 0.38422 -3.775073806364569e-10 -6.945772755337133e-20 0 11.5655403
60.0010000598718 1.45968 0.38422 -3.775073806364569e-10 -6.945772755337133e-20 0 42.1734619
60.00099988230199 1.45968 0.38422 -3.774758495997371e-10 -6.945772755337133e-20 0 10.5654659
60.0010000598718 1.45968 0.38422 -3.774758495997371e-10 -6.945772755337133e-20 0 36.1192627
60.00099988230199 1.45968 0.38422 -3.774443185630173e-10 -6.945772755337133e-20 0 10.6217012
60.0010000598718 1.45968 0.38422 -3.774443185630173e-10 -6.945772755337133e-20 0 34.8052788
60.00099988230199 1.45968 0.38422 -3.77633504783336e-10 -6.385876741641318e-20 0 21.2199783
60.0010000598718 1.45968 0.38422 -3.77633504783336e-10 -6.385876741641318e-20 0 47.3200035
60.00099988230199 1.45968 0.38422 -3.776019737466162e-10 -6.385876741641318e-20 0 10.0313425
60.0010000598718 1.45968 0.38422 -3.776019737466162e-10 -6.385876741641318e-20 0 65.5093918
60.00099988230199 1.45968 0.38422 -3.775704427098964e-10 -6.385876741641318e-20 0 7.36486387
60.0010000598718 1.45968 0.38422 -3.775704427098964e-10 -6.385876741641318e-20 0 68.8531189
60.00099988230199 1.45968 0.38422 -3.775389116731767e-10 -6.385876741641318e-20 0 10.0745277
60.0010000598718 1.45968 0.38422 -3.775389116731767e-10 -6.385876741641318e-20 0 58.0494232
60.00099988230199 1.45968 0.38422 -3.775073806364569e-10 -6.385876741641318e-20 0 11.961916
60.0010000598718 1.45968 0.38422 -3.775073806364569e-10 -6.385876741641318e-20 0 43.9994965
60.00099988230199 1.45968 0.38422 -3.774758495997371e-10 -6.385876741641318e-20 0 11.1968021
60.0010000598718 1.45968 0.38422 -3.774758495997371e-10 -6.385876741641318e-20 0 36.0723305
60.00099988230199 1.45968 0.38422 -3.774443185630173e-10 -6.385876741641318e-20 0 10.6996107
60.0010000598718 1.45968 0.38422 -3.774443185630173e-10 -6.385876741641318e-20 0 34.1657104
60.00099988230199 1.45968 0.38422 -3.77633504783336e-10 -5.825980727945504e-20 0 24.2742786
60.0010000598718 1.45968 0.38422 -3.77633504783336e-10 -5.825980727945504e-20 0 42.9883537
60.00099988230199 1.45968 0.38422 -3.776019737466162e-10 -5.825980727945504e-20 0 11.6516247
60.0010000598718 1.45968 0.38422 -3.776019737466162e-10 -5.825980727945504e-20 0 63.0671616
60.00099988230199 1.45968 0.38422 -3.775704427098964e-10 -5.825980727945504e-20 0 7.2883954
60.0010000598718 1.45968 0.38422 -3.775704427098964e-10 -5.825980727945504e-20 0 69.8338623
60.00099988230199 1.45968 0.38422 -3.775389116731767e-10 -5.825980727945504e-20 0 9.61506367
60.0010000598718 1.45968 0.38422 -3.775389116731767e-10 -5.825980727945504e-20 0 61.0190163
60.00099988230199 1.45968 0.38422 -3.775073806364569e-10 -5.825980727945504e-20 0 12.1974354
60.0010000598718 1.45968 0.38422 -3.775073806364569e-10 -5.825980727945504e-20 0 46.2512131
60.00099988230199 1.45968 0.38422 -3.774758495997371e-10 -5.825980727945504e-20 0 11.8670263
60.0010000598718 1.45968 0.38422 -3.774758495997371e-10 -5.825980727945504e-20 0 36.3716583
60.00099988230199 1.45968 0.38422 -3.774443185630173e-10 -5.825980727945504e-20 0 10.9356394
60.0010000598718 1.45968 0.38422 -3.774443185630173e-10 -5.825980727945504e-20 0 33.4878616
60.00099988230199 1.45968 0.38422 -3.77633504783336e-10 -5.266084714249689e-20 0 27.4574986
60.0010000598718 1.45968 0.38422 -3.77633504783336e-10 -5.266084714249689e-20 0 38.6222801
60.00099988230199 1.45968 0.38422 -3.776019737466162e-10 -5.266084714249689e-20 0 13.6869106
60.0010000598718 1.45968 0.38422 -3.776019737466162e-10 -5.266084714249689e-20 0 59.9572525
60.00099988230199 1.45968 0.38422 -3.775704427098964e-10 -5.266084714249689e-20 0 7.46922874
60.0010000598718 1.45968 0.38422 -3.775704427098964e-10 -5.266084714249689e-20 0 70.0884857
60.00099988230199 1.45968 0.38422 -3.775389116731767e-10 -5.266084714249689e-20 0 9.07555676
60.0010000598718 1.45968 0.38422 -3.775389116731767e-10 -5.266084714249689e-20 0 63.8050804
60.00099988230199 1.45968 0.38422 -3.775073806364569e-10 -5.266084714249689e-20 0 12.2446728
60.0010000598718 1.45968 0.38422 -3.775073806364569e-10 -5.266084714249689e-20 0 48.87006
60.00099988230199 1.45968 0.38422 -3.774758495997371e-10 -5.266084714249689e-20 0 12.5259476
60.0010000598718 1.45968 0.38422 -3.774758495997371e-10 -5.266084714249689e-20 0 37.082325
60.00099988230199 1.45968 0.38422 -3.774443185630173e-10 -5.266084714249689e-20 0 11.3265476
60.0010000598718 1.45968 0.38422 -3.774443185630173e-10 -5.266084714249689e-20 0 32.8603439
60.00099988230199 1.45968 0.38422 -3.77633504783336e-10 -4.706188700553875e-20 0 30.6720123
60.0010000598718 1.45968 0.38422 -3.77633504783336e-10 -4.706188700553875e-20 0 34.3816948
60.00099988230199 1.45968 0.38422 -3.776019737466162e-10 -4.706188700553875e-20 0 16.1220245
60.0010000598718 1.45968 0.38422 -3.776019737466162e-10 -4.706188700553875e-20 0 56.2848434
60.00099988230199 1.45968 0.38422 -3.775704427098964e-10 -4.706188700553875e-20 0 7.97695446
60.0010000598718 1.45968 0.38422 -3.775704427098964e-10 -4.706188700553875e-20 0 69.5618362
60.00099988230199 1.45968 0.38422 -3.775389116731767e-10 -4.706188700553875e-20 0 8.5176754
60.0010000598718 1.45968 0.38422 -3.775389116731767e-10 -4.706188700553875e-20 0 66.2577362
60.00099988230199 1.45968 0.38422 -3.775073806364569e-10 -4.706188700553875e-20 0 12.0904436
60.0010000598718 1.45968 0.38422 -3.775073806364569e-10 -4.706188700553875e-20 0 51.768013
60.00099988230199 1.45968 0.38422 -3.774758495997371e-10 -4.706188700553875e-20 0 13.1197901
60.0010000598718 1.45968 0.38422 -3.774758495997371e-10 -4.706188700553875e-20 0 38.2466698
60.00099988230199 1.45968 0.38422 -3.774443185630173e-10 -4.706188700553875e-20 0 11.8548288
60.0010000598718 1.45968 0.38422 -3.774443185630173e-10 -4.706188700553875e-20 0 32.3777237
60.00099988230199 1.45968 0.38422 -3.77633504783336e-10 -4.146292686858061e-20 0 33.8129272
60.0010000598718 1.45968 0.38422 -3.77633504783336e-10 -4.146292686858061e-20 0 30.4152355
60.00099988230199 1.45968 0.38422 -3.776019737466162e-10 -4.146292686858061e-20 0 18.9191341
60.0010000598718 1.45968 0.38422 -3.776019737466162e-10 -4.146292686858061e-20 0 52.1823616
60.00099988230199 1.45968 0.38422 -3.775704427098964e-10 -4.146292686858061e-20 0 8.87046814
60.0010000598718 1.45968 0.38422 -3.775704427098964e-10 -4.146292686858061e-20 0 68.236084
60.00099988230199 1.45968 0.38422 -3.775389116731767e-10 -4.146292686858061e-20 0 8.01509094
60.0010000598718 1.45968 0.38422 -3.775389116731767e-10 -4.146292686858061e-20 0 68.23526
60.00099988230199 1.45968 0.38422 -3.775073806364569e-10 -4.146292686858061e-20 0 11.7386608
60.0010000598718 1.45968 0.38422 -3.775073806364569e-10 -4.146292686858061e-20 0 54.8308372
60.00099988230199 1.45968 0.38422 -3.774758495997371e-10 -4.146292686858061e-20 0 13.5954046
60.0010000598718 1.45968 0.38422 -3.774758495997371e-10 -4.146292686858061e-20 0 39.8795395
60.00099988230199 1.45968 0.38422 -3.774443185630173e-10 -4.146292686858061e-20 0 12.4892254
60.0010000598718 1.45968 0.38422 -3.774443185630173e-10 -4.146292686858061e-20 0 32.1337585
60.00099988230199 1.45968 0.38422 -3.77633504783336e-10 -3.586396673162246e-20 0 36.7733727
60.0010000598718 1.45968 0.38422 -3.77633504783336e-10 -3.586396673162246e-20 0 26.8526211
60.00099988230199 1.45968 0.38422 -3.776019737466162e-10 -3.586396673162246e-20 0 22.0182228
60.0010000598718 1.45968 0.38422 -3.776019737466162e-10 -3.586396673162246e-20 0 47.8020592
60.00099988230199 1.45968 0.38422 -3.775704427098964e-10 -3.586396673162246e-20 0 10.1931334
60.0010000598718 1.45968 0.38422 -3.775704427098964e-10 -3.586396673162246e-20 0 66.132019
60.00099988230199 1.45968 0.38422 -3.775389116731767e-10 -3.586396673162246e-20 0 7.64945459
60.0010000598718 1.45968 0.38422 -3.775389116731767e-10 -3.586396673162246e-20 0 69.6125717
60.00099988230199 1.45968 0.38422 -3.775073806364569e-10 -3.586396673162246e-20 0 11.2118845
60.0010000598718 1.45968 0.38422 -3.775073806364569e-10 -3.586396673162246e-20 0 57.9245834
60.00099988230199 1.45968 0.38422 -3.774758495997371e-10 -3.586396673162246e-20 0 13.9051142
60.0010000598718 1.45968 0.38422 -3.774758495997371e-10 -3.586396673162246e-20 0 41.9653168
60.00099988230199 1.45968 0.38422 -3.774443185630173e-10 -3.586396673162246e-20 0 13.1861858
60.0010000598718 1.45968 0.38422 -3.774443185630173e-10 -3.586396673162246e-20 0 32.2144737
60.00099988230199 1.45968 0.38422 -3.77633504783336e-10 -3.026500659466432e-20 0 39.4503708
60.0010000598718 1.45968 0.38422 -3.77633504783336e-10 -3.026500659466432e-20 0 23.7972012
60.00099988230199 1.45968 0.38422 -3.776019737466162e-10 -3.026500659466432e-20 0 25.3396454
60.0010000598718 1.45968 0.38422 -3.776019737466162e-10 -3.026500659466432e-20 0 43.3067551
60.00099988230199 1.45968 0.38422 -3.775704427098964e-10 -3.026500659466432e-20 0 11.9687166
60.0010000598718 1.45968 0.38422 -3.775704427098964e-10 -3.026500659466432e-20 0 63.3083954
60.00099988230199 1.45968 0.38422 -3.775389116731767e-10 -3.026500659466432e-20 0 7.50536442
60.0010000598718 1.45968 0.38422 -3.775389116731767e-10 -3.026500659466432e-20 0 70.2893829
60.00099988230199 1.45968 0.38422 -3.775073806364569e-10 -3.026500659466432e-20 0 10.5515165
60.0010000598718 1.45968 0.38422 -3.775073806364569e-10 -3.026500659466432e-20 0 60.9027176
60.00099988230199 1.45968 0.38422 -3.774758495997371e-10 -3.026500659466432e-20 0 14.0111895
60.0010000598718 1.45968 0.38422 -3.774758495997371e-10 -3.026500659466432e-20 0 44.4571953
60.00099988230199 1.45968 0.38422 -3.774443185630173e-10 -3.026500659466432e-20 0 13.8926821
60.0010000598718 1.45968 0.38422 -3.774443185630173e-10 -3.026500659466432e-20 0 32.691555
60.00099988230199 1.45968 0.38422 -3.77633504783336e-10 -2.466604645770618e-20 0 41.750576
60.0010000598718 1.45968 0.38422 -3.77633504783336e-10 -2.466604645770618e-20 0 21.3211956
60.00099988230199 1.45968 0.38422 -3.776019737466162e-10 -2.466604645770618e-20 0 28.7869968
60.0010000598718 1.45968 0.38422 -3.776019737466162e-10 -2.466604645770618e-20 0 38.8611298
60.00099988230199 1.45968 0.38422 -3.775704427098964e-10 -2.466604645770618e-20 0 14.1982012
60.0010000598718 1.45968 0.38422 -3.775704427098964e-10 -2.466604645770618e-20 0 59.8596573
60.00099988230199 1.45968 0.38422 -3.775389116731767e-10 -2.466604645770618e-20 0 7.66493034
60.0010000598718 1.45968 0.38422 -3.775389116731767e-10 -2.466604645770618e-20 0 70.1964111
60.00099988230199 1.45968 0.38422 -3.775073806364569e-10 -2.466604645770618e-20 0 9.8168354
60.0010000598718 1.45968 0.38422 -3.775073806364569e-10 -2.466604645770618e-20 0 63.6142159
60.00099988230199 1.45968 0.38422 -3.774758495997371e-10 -2.466604645770618e-20 0 13.8901234
60.0010000598718 1.45968 0.38422 -3.774758495997371e-10 -2.466604645770618e-20 0 47.2779274
60.00099988230199 1.45968 0.38422 -3.774443185630173e-10 -2.466604645770618e-20 0 14.5499125
60.0010000598718 1.45968 0.38422 -3.774443185630173e-10 -2.466604645770618e-20 0 33.6160622
60.00099988230199 1.45968 0.38422 -3.77633504783336e-10 -1.906708632074803e-20 0 43.595829
60.0010000598718 1.45968 0.38422 -3.77633504783336e-10 -1.906708632074803e-20 0 19.4623051
60.00099988230199 1.45968 0.38422 -3.776019737466162e-10 -1.906708632074803e-20 0 32.2518501
60.0010000598718 1.45968 0.38422 -3.776019737466162e-10 -1.906708632074803e-20 0 34.621685
60.00099988230199 1.45968 0.38422 -3.775704427098964e-10 -1.906708632074803e-20 0 16.857975
60.0010000598718 1.45968 0.38422 -3.775704427098964e-10 -1.906708632074803e-20 0 55.9091644
60.00099988230199 1.45968 0.38422 -3.775389116731767e-10 -1.906708632074803e-20 0 8.2017746
60.0010000598718 1.45968 0.38422 -3.775389116731767e-10 -1.906708632074803e-20 0 69.3009872
60.00099988230199 1.45968 0.38422 -3.775073806364569e-10 -1.906708632074803e-20 0 9.08232498
60.0010000598718 1.45968 0.38422 -3.775073806364569e-10 -1.906708632074803e-20 0 65.9130096
60.00099988230199 1.45968 0.38422 -3.774758495997371e-10 -1.906708632074803e-20 0 13.5359745
60.0010000598718 1.45968 0.38422 -3.774758495997371e-10 -1.906708632074803e-20 0 50.3233681
60.00099988230199 1.45968 0.38422 -3.774443185630173e-10 -1.906708632074803e-20 0 15.0980253
60.0010000598718 1.45968 0.38422 -3.774443185630173e-10 -1.906708632074803e-20 0 35.0134621
60.00099988230199 1.45968 0.38422 -3.77633504783336e-10 -1.346812618378989e-20 0 44.9272194
60.0010000598718 1.45968 0.38422 -3.77633504783336e-10 -1.346812618378989e-20 0 18.2231941
60.00099988230199 1.45968 0.38422 -3.776019737466162e-10 -1.346812618378989e-20 0 35.6195831
60.0010000598718 1.45968 0.38422 -3.776019737466162e-10 -1.346812618378989e-20 0 30.7284069
60.00099988230199 1.45968 0.38422 -3.775704427098964e-10 -1.346812618378989e-20 0 19.8996124
60.0010000598718 1.45968 0.38422 -3.775704427098964e-10 -1.346812618378989e-20 0 51.6033478
60.00099988230199 1.45968 0.38422 -3.775389116731767e-10 -1.346812618378989e-20 0 9.17548847
60.0010000598718 1.45968 0.38422 -3.775389116731767e-10 -1.346812618378989e-20 0 67.6081848
60.00099988230199 1.45968 0.38422 -3.775073806364569e-10 -1.346812618378989e-20 0 8.43374538
60.0010000598718 1.45968 0.38422 -3.775073806364569e-10 -1.346812618378989e-20 0 67.6666183
60.00099988230199 1.45968 0.38422 -3.774758495997371e-10 -1.346812618378989e-20 0 12.9627419
60.0010000598718 1.45968 0.38422 -3.774758495997371e-10 -1.346812618378989e-20 0 53.4673386
60.00099988230199 1.45968 0.38422 -3.774443185630173e-10 -1.346812618378989e-20 0 15.4809237
60.0010000598718 1.45968 0.38422 -3.774443185630173e-10 -1.346812618378989e-20 0 36.8804817
60.00099988230199 1.45968 0.38422 -3.77633504783336e-10 -7.869166046831753e-21 0 45.7097816
60.0010000598718 1.45968 0.38422 -3.77633504783336e-10 -7.869166046831753e-21 0 17.572876
60.00099988230199 1.45968 0.38422 -3.776019737466162e-10 -7.869166046831753e-21 0 38.7752266
60.0010000598718 1.45968 0.38422 -3.776019737466162e-10 -7.869166046831753e-21 0 27.2970543
60.00099988230199 1.45968 0.38422 -3.775704427098964e-10 -7.869166046831753e-21 0 23.2510624
60.0010000598718 1.45968 0.38422 -3.775704427098964e-10 -7.869166046831753e-21 0 47.1025429
60.00099988230199 1.45968 0.38422 -3.775389116731767e-10 -7.869166046831753e-21 0 10.6266146
60.0010000598718 1.45968 0.38422 -3.775389116731767e-10 -7.869166046831753e-21 0 65.1622925
60.00099988230199 1.45968 0.38422 -3.775073806364569e-10 -7.869166046831753e-21 0 7.96312761
60.0010000598718 1.45968 0.38422 -3.775073806364569e-10 -7.869166046831753e-21 0 68.7647629
60.00099988230199 1.45968 0.38422 -3.774758495997371e-10 -7.869166046831753e-21 0 12.205225
60.0010000598718 1.45968 0.38422 -3.774758495997371e-10 -7.869166046831753e-21 0 56.568531
60.00099988230199 1.45968 0.38422 -3.774443185630173e-10 -7.869166046831753e-21 0 15.651433
60.0010000598718 1.45968 0.38422 -3.774443185630173e-10 -7.869166046831753e-21 0 39.1830864
60.00099988230199 1.45968 0.38422 -3.77633504783336e-10 -2.270205909873612e-21 0 45.9331512
60.0010000598718 1.45968 0.38422 -3.77633504783336e-10 -2.270205909873612e-21 0 17.4504261
60.00099988230199 1.45968 0.38422 -3.776019737466162e-10 -2.270205909873612e-21 0 41.6103287
60.0010000598718 1.45968 0.38422 -3.776019737466162e-10 -2.270205909873612e-21 0 24.4133854
60.00099988230199 1.45968 0.38422 -3.775704427098964e-10 -2.270205909873612e-21 0 26.8198433
60.0010000598718 1.45968 0.38422 -3.775704427098964e-10 -2.270205909873612e-21 0 42.5720711
60.00099988230199 1.45968 0.38422 -3.775389116731767e-10 -2.270205909873612e-21 0 12.5724163
60.0010000598718 1.45968 0.38422 -3.775389116731767e-10 -2.270205909873612e-21 0 62.0430145
60.00099988230199 1.45968 0.38422 -3.775073806364569e-10 -2.270205909873612e-21 0 7.76288795
60.0010000598718 1.45968 0.38422 -3.775073806364569e-10 -2.270205909873612e-21 0 69.1255035
60.00099988230199 1.45968 0.38422 -3.774758495997371e-10 -2.270205909873612e-21 0 11.3185291
60.0010000598718 1.45968 0.38422 -3.774758495997371e-10 -2.270205909873612e-21 0 59.4788284
60.00099988230199 1.45968 0.38422 -3.774443185630173e-10 -2.270205909873612e-21 0 15.5760965
60.0010000598718 1.45968 0.38422 -3.774443185630173e-10 -2.270205909873612e-21 0 41.8573608
60.00099988230199 1.45968 0.38422 -3.77633504783336e-10 3.32875422708453e-21 0 45.6138
60.0010000598718 1.45968 0.38422 -3.77633504783336e-10 3.32875422708453e-21 0 17.7704716
60.00099988230199 1.45968 0.38422 -3.776019737466162e-10 3.32875422708453e-21 0 44.0288429
60.0010000598718 1.45968 0.38422 -3.776019737466162e-10 3.32875422708453e-21 0 22.1294861
60.00099988230199 1.45968 0.38422 -3.775704427098964e-10 3.32875422708453e-21 0 30.4969501
60.0010000598718 1.45968 0.38422 -3.775704427098964e-10 3.32875422708453e-21 0 38.1723175
60.00099988230199 1.45968 0.38422 -3.775389116731767e-10 3.32875422708453e-21 0 15.0043402
60.0010000598718 1.45968 0.38422 -3.775389116731767e-10 3.32875422708453e-21 0 58.3622856
60.00099988230199 1.45968 0.38422 -3.775073806364569e-10 3.32875422708453e-21 0 7.91948366
60.0010000598718 1.45968 0.38422 -3.775073806364569e-10 3.32875422708453e-21 0 68.7013321
60.00099988230199 1.45968 0.38422 -3.774758495997371e-10 3.32875422708453e-21 0 10.3756771
60.0010000598718 1.45968 0.38422 -3.774758495997371e-10 3.32875422708453e-21 0 62.0512009
60.00099988230199 1.45968 0.38422 -3.774443185630173e-10 3.32875422708453e-21 0 15.2390728
60.0010000598718 1.45968 0.38422 -3.774443185630173e-10 3.32875422708453e-21 0 44.8115883
60.00099988230199 1.45968 0.38422 -3.77633504783336e-10 8.927714364042671e-21 0 44.7933159
60.0010000598718 1.45968 0.38422 -3.77633504783336e-10 8.927714364042671e-21 0 18.4298477
60.00099988230199 1.45968 0.38422 -3.776019737466162e-10 8.927714364042671e-21 0 45.9527359
60.0010000598718 1.45968 0.38422 -3.776019737466162e-10 8.927714364042671e-21 0 20.462244
60.00099988230199 1.45968 0.38422 -3.775704427098964e-10 8.927714364042671e-21 0 34.1629982
60.0010000598718 1.45968 0.38422 -3.775704427098964e-10 8.927714364042671e-21 0 34.0501518
60.00099988230199 1.45968 0.38422 -3.775389116731767e-10 8.927714364042671e-21 0 17.8866959
60.0010000598718 1.45968 0.38422 -3.775389116731767e-10 8.927714364042671e-21 0 54.2564316
60.00099988230199 1.45968 0.38422 -3.775073806364569e-10 8.927714364042671e-21 0 8.50721931
60.0010000598718 1.45968 0.38422 -3.775073806364569e-10 8.927714364042671e-21 0 67.4816742
60.00099988230199 1.45968 0.38422 -3.774758495997371e-10 8.927714364042671e-21 0 9.46417904
60.0010000598718 1.45968 0.38422 -3.774758495997371e-10 8.927714364042671e-21 0 64.1491241
60.00099988230199 1.45968 0.38422 -3.774443185630173e-10 8.927714364042671e-21 0 14.6452389
60.0010000598718 1.45968 0.38422 -3.774443185630173e-10 8.927714364042671e-21 0 47.9307976
60.00099988230199 1.45968 0.38422 -3.77633504783336e-10 1.452667450100081e-20 0 43.5362129
60.0010000598718 1.45968 0.38422 -3.77633504783336e-10 1.452667450100081e-20 0 19.3155422
60.00099988230199 1.45968 0.38422 -3.776019737466162e-10 1.452667450100081e-20 0 47.326931
60.0010000598718 1.45968 0.38422 -3.776019737466162e-10 1.452667450100081e-20 0 19.3942699
60.00099988230199 1.45968 0.38422 -3.775704427098964e-10 1.452667450100081e-20 0 37.6942253
60.0010000598718 1.45968 0.38422 -3.775704427098964e-10 1.452667450100081e-20 0 30.3309155
60.00099988230199 1.45968 0.38422 -3.775389116731767e-10 1.452667450100081e-20 0 21.157362
60.0010000598718 1.45968 0.38422 -3.775389116731767e-10 1.452667450100081e-20 0 49.8792534
60.00099988230199 1.45968 0.38422 -3.775073806364569e-10 1.452667450100081e-20 0 9.58227444
60.0010000598718 1.45968 0.38422 -3.775073806364569e-10 1.452667450100081e-20 0 65.4940186
60.00099988230199 1.45968 0.38422 -3.774758495997371e-10 1.452667450100081e-20 0 8.68086052
60.0010000598718 1.45968 0.38422 -3.774758495997371e-10 1.452667450100081e-20 0 65.654274
60.00099988230199 1.45968 0.38422 -3.774443185630173e-10 1.452667450100081e-20 0 13.8215914
60.0010000598718 1.45968 0.38422 -3.774443185630173e-10 1.452667450100081e-20 0 51.0828514
60.00099988230199 1.45968 0.38422 -3.77633504783336e-10 2.012563463795895e-20 0 41.9263763
60.0010000598718 1.45968 0.38422 -3.77633504783336e-10 2.012563463795895e-20 0 20.3123932
60.00099988230199 1.45968 0.38422 -3.776019737466162e-10 2.012563463795895e-20 0 48.1222916
60.0010000598718 1.45968 0.38422 -3.776019737466162e-10 2.012563463795895e-20 0 18.87677
60.00099988230199 1.45968 0.38422 -3.775704427098964e-10 2.012563463795895e-20 0 40.9696236
60.0010000598718 1.45968 0.38422 -3.775704427098964e-10 2.012563463795895e-20 0 27.1120682
60.00099988230199 1.45968 0.38422 -3.775389116731767e-10 2.012563463795895e-20 0 24.7299786
60.0010000598718 1.45968 0.38422 -3.775389116731767e-10 2.012563463795895e-20 0 45.3923035
60.00099988230199 1.45968 0.38422 -3.775073806364569e-10 2.012563463795895e-20 0 11.177866
60.0010000598718 1.45968 0.38422 -3.775073806364569e-10 2.012563463795895e-20 0 62.8021851
60.00099988230199 1.45968 0.38422 -3.774758495997371e-10 2.012563463795895e-20 0 8.12586784
60.0010000598718 1.45968 0.38422 -3.774758495997371e-10 2.012563463795895e-20 0 66.4738998
60.00099988230199 1.45968 0.38422 -3.774443185630173e-10 2.012563463795895e-20 0 12.8172598
60.0010000598718 1.45968 0.38422 -3.774443185630173e-10 2.012563463795895e-20 0 54.1254539
60.00099988230199 1.45968 0.38422 -3.77633504783336e-10 2.572459477491709e-20 0 40.0617599
60.0010000598718 1.45968 0.38422 -3.77633504783336e-10 2.572459477491709e-20 0 21.3107376
60.00099988230199 1.45968 0.38422 -3.776019737466162e-10 2.572459477491709e-20 0 48.3378143
60.0010000598718 1.45968 0.38422 -3.776019737466162e-10 2.572459477491709e-20 0 18.8346081
60.00099988230199 1.45968 0.38422 -3.775704427098964e-10 2.572459477491709e-20 0 43.8780251
60.0010000598718 1.45968 0.38422 -3.775704427098964e-10 2.572459477491709e-20 0 24.4589558
60.00099988230199 1.45968 0.38422 -3.775389116731767e-10 2.572459477491709e-20 0 28.4981174
60.0010000598718 1.45968 0.38422 -3.775389116731767e-10 2.572459477491709e-20 0 40.9560051
60.00099988230199 1.45968 0.38422 -3.775073806364569e-10 2.572459477491709e-20 0 13.3006315
60.0010000598718 1.45968 0.38422 -3.775073806364569e-10 2.572459477491709e-20 0 59.5026207
60.00099988230199 1.45968 0.38422 -3.774758495997371e-10 2.572459477491709e-20 0 7.89608192
60.0010000598718 1.45968 0.38422 -3.774758495997371e-10 2.572459477491709e-20 0 66.5469131
60.00099988230199 1.45968 0.38422 -3.774443185630173e-10 2.572459477491709e-20 0 11.7017727
60.0010000598718 1.45968 0.38422 -3.774443185630173e-10 2.572459477491709e-20 0 56.9144936
60.00099988230199 1.45968 0.38422 -3.77633504783336e-10 3.132355491187523e-20 0 38.0489616
60.0010000598718 1.45968 0.38422 -3.77633504783336e-10 3.132355491187523e-20 0 22.2136097
60.00099988230199 1.45968 0.38422 -3.776019737466162e-10 3.132355491187523e-20 0 47.9998741
60.0010000598718 1.45968 0.38422 -3.776019737466162e-10 3.132355491187523e-20 0 19.1726856
60.00099988230199 1.45968 0.38422 -3.775704427098964e-10 3.132355491187523e-20 0 46.324234
60.0010000598718 1.45968 0.38422 -3.775704427098964e-10 3.132355491187523e-20 0 22.4024525
60.00099988230199 1.45968 0.38422 -3.775389116731767e-10 3.132355491187523e-20 0 32.3405609
60.0010000598718 1.45968 0.38422 -3.775389116731767e-10 3.132355491187523e-20 0 36.720459
60.00099988230199 1.45968 0.38422 -3.775073806364569e-10 3.132355491187523e-20 0 15.9286108
60.0010000598718 1.45968 0.38422 -3.775073806364569e-10 3.132355491187523e-20 0 55.7186661
60.00099988230199 1.45968 0.38422 -3.774758495997371e-10 3.132355491187523e-20 0 8.07830238
60.0010000598718 1.45968 0.38422 -3.774758495997371e-10 3.132355491187523e-20 0 65.8466187
60.00099988230199 1.45968 0.38422 -3.774443185630173e-10 3.132355491187523e-20 0 10.5617094
60.0010000598718 1.45968 0.38422 -3.774443185630173e-10 3.132355491187523e-20 0 59.3122864
60.00099988230199 1.45968 0.38422 -3.77633504783336e-10 3.692251504883338e-20 0 35.996521
60.0010000598718 1.45968 0.38422 -3.77633504783336e-10 3.692251504883338e-20 0 22.9418182
60.00099988230199 1.45968 0.38422 -3.776019737466162e-10 3.692251504883338e-20 0 47.1615753
60.0010000598718 1.45968 0.38422 -3.776019737466162e-10 3.692251504883338e-20 0 19.7833042
60.00099988230199 1.45968 0.38422 -3.775704427098964e-10 3.692251504883338e-20 0 48.2351418
60.0010000598718 1.45968 0.38422 -3.775704427098964e-10 3.692251504883338e-20 0 20.9393349
60.00099988230199 1.45968 0.38422 -3.775389116731767e-10 3.692251504883338e-20 0 36.128334
60.0010000598718 1.45968 0.38422 -3.775389116731767e-10 3.692251504883338e-20 0 32.8174706
60.00099988230199 1.45968 0.38422 -3.775073806364569e-10 3.692251504883338e-20 0 19.0111237
60.0010000598718 1.45968 0.38422 -3.775073806364569e-10 3.692251504883338e-20 0 51.5933723
60.00099988230199 1.45968 0.38422 -3.774758495997371e-10 3.692251504883338e-20 0 8.7427578
60.0010000598718 1.45968 0.38422 -3.774758495997371e-10 3.692251504883338e-20 0 64.3834457
60.00099988230199 1.45968 0.38422 -3.774443185630173e-10 3.692251504883338e-20 0 9.49581623
60.0010000598718 1.45968 0.38422 -3.774443185630173e-10 3.692251504883338e-20 0 61.1958008
60.00099988230199 1.45968 0.38422 -3.77633504783336e-10 4.252147518579152e-20 0 34.0091743
60.0010000598718 1.45968 0.38422 -3.77633504783336e-10 4.252147518579152e-20 0 23.4382706
60.00099988230199 1.45968 0.38422 -3.776019737466162e-10 4.252147518579152e-20 0 45.8986168
60.0010000598718 1.45968 0.38422 -3.776019737466162e-10 4.252147518579152e-20 0 20.5539989
60.00099988230199 1.45968 0.38422 -3.775704427098964e-10 4.252147518579152e-20 0 49.5633507
60.0010000598718 1.45968 0.38422 -3.775704427098964e-10 4.252147518579152e-20 0 20.0344181
60.00099988230199 1.45968 0.38422 -3.775389116731767e-10 4.252147518579152e-20 0 39.7311974
60.0010000598718 1.45968 0.38422 -3.775389116731767e-10 4.252147518579152e-20 0 29.3538685
60.00099988230199 1.45968 0.38422 -3.775073806364569e-10 4.252147518579152e-20 0 22.4703407
60.0010000598718 1.45968 0.38422 -3.775073806364569e-10 4.252147518579152e-20 0 47.2807312
60.00099988230199 1.45968 0.38422 -3.774758495997371e-10 4.252147518579152e-20 0 9.93756866
60.0010000598718 1.45968 0.38422 -3.774758495997371e-10 4.252147518579152e-20 0 62.2029953
60.00099988230199 1.45968 0.38422 -3.774443185630173e-10 4.252147518579152e-20 0 8.60905838
60.0010000598718 1.45968 0.38422 -3.774443185630173e-10 4.252147518579152e-20 0 62.4634895
60.00099988230199 1.45968 0.38422 -3.77633504783336e-10 4.812043532274966e-20 0 32.1814003
60.0010000598718 1.45968 0.38422 -3.77633504783336e-10 4.812043532274966e-20 0 23.670105
60.00099988230199 1.45968 0.38422 -3.776019737466162e-10 4.812043532274966e-20 0 44.3047638
60.0010000598718 1.45968 0.38422 -3.776019737466162e-10 4.812043532274966e-20 0 21.3753147
60.00099988230199 1.45968 0.38422 -3.775704427098964e-10 4.812043532274966e-20 0 50.2906265
60.0010000598718 1.45968 0.38422 -3.775704427098964e-10 4.812043532274966e-20 0 19.6249409
60.00099988230199 1.45968 0.38422 -3.775389116731767e-10 4.812043532274966e-20 0 43.0259514
60.0010000598718 1.45968 0.38422 -3.775389116731767e-10 4.812043532274966e-20 0 26.4066658
60.00099988230199 1.45968 0.38422 -3.775073806364569e-10 4.812043532274966e-20 0 26.2051735
60.0010000598718 1.45968 0.38422 -3.775073806364569e-10 4.812043532274966e-20 0 42.9367981
60.00099988230199 1.45968 0.38422 -3.774758495997371e-10 4.812043532274966e-20 0 11.6842213
60.0010000598718 1.45968 0.38422 -3.774758495997371e-10 4.812043532274966e-20 0 59.3843842
60.00099988230199 1.45968 0.38422 -3.774443185630173e-10 4.812043532274966e-20 0 8.00581837
60.0010000598718 1.45968 0.38422 -3.774443185630173e-10 4.812043532274966e-20 0 63.041935
60.00099988230199 1.45968 0.38422 -3.77633504783336e-10 5.371939545970781e-20 0 30.5925179
60.0010000598718 1.45968 0.38422 -3.77633504783336e-10 5.371939545970781e-20 0 23.6288567
60.00099988230199 1.45968 0.38422 -3.776019737466162e-10 5.371939545970781e-20 0 42.4865875
60.0010000598718 1.45968 0.38422 -3.776019737466162e-10 5.371939545970781e-20 0 22.1476364
60.00099988230199 1.45968 0.38422 -3.775704427098964e-10 5.371939545970781e-20 0 50.4281883
60.0010000598718 1.45968 0.38422 -3.775704427098964e-10 5.371939545970781e-20 0 19.6262722
60.00099988230199 1.45968 0.38422 -3.775389116731767e-10 5.371939545970781e-20 0 45.9029961
60.0010000598718 1.45968 0.38422 -3.775389116731767e-10 5.371939545970781e-20 0 24.0201149
60.00099988230199 1.45968 0.38422 -3.775073806364569e-10 5.371939545970781e-20 0 30.0961857
60.0010000598718 1.45968 0.38422 -3.775073806364569e-10 5.371939545970781e-20 0 38.7113953
60.00099988230199 1.45968 0.38422 -3.774758495997371e-10 5.371939545970781e-20 0 13.9749298
60.0010000598718 1.45968 0.38422 -3.774758495997371e-10 5.371939545970781e-20 0 56.0345345
60.00099988230199 1.45968 0.38422 -3.774443185630173e-10 5.371939545970781e-20 0 7.7828021
60.0010000598718 1.45968 0.38422 -3.774443185630173e-10 5.371939545970781e-20 0 62.8890305
60.00099988230199 1.45968 0.38422 -3.77633504783336e-10 5.931835559666595e-20 0 29.3024426
60.0010000598718 1.45968 0.38422 -3.77633504783336e-10 5.931835559666595e-20 0 23.3290462
60.00099988230199 1.45968 0.38422 -3.776019737466162e-10 5.931835559666595e-20 0 40.5560646
60.0010000598718 1.45968 0.38422 -3.776019737466162e-10 5.931835559666595e-20 0 22.7871838
60.00099988230199 1.45968 0.38422 -3.775704427098964e-10 5.931835559666595e-20 0 50.0161171
60.0010000598718 1.45968 0.38422 -3.775704427098964e-10 5.931835559666595e-20 0 19.9389782
60.00099988230199 1.45968 0.38422 -3.775389116731767e-10 5.931835559666595e-20 0 48.2734032
60.0010000598718 1.45968 0.38422 -3.775389116731767e-10 5.931835559666595e-20 0 22.2052917
60.00099988230199 1.45968 0.38422 -3.775073806364569e-10 5.931835559666595e-20 0 34.0121384
60.0010000598718 1.45968 0.38422 -3.775073806364569e-10 5.931835559666595e-20 0 34.7395973
60.00099988230199 1.45968 0.38422 -3.774758495997371e-10 5.931835559666595e-20 0 16.771698
60.0010000598718 1.45968 0.38422 -3.774758495997371e-10 5.931835559666595e-20 0 52.2821922
60.00099988230199 1.45968 0.38422 -3.774443185630173e-10 5.931835559666595e-20 0 8.02211857
60.0010000598718 1.45968 0.38422 -3.774443185630173e-10 5.931835559666595e-20 0 61.9974823
60.00099988230199 1.45968 0.38422 -3.77633504783336e-10 6.49173157336241e-20 0 28.3489552
60.0010000598718 1.45968 0.38422 -3.77633504783336e-10 6.49173157336241e-20 0 22.8051643
60.00099988230199 1.45968 0.38422 -3.776019737466162e-10 6.49173157336241e-20 0 38.624527
60.0010000598718 1.45968 0.38422 -3.776019737466162e-10 6.49173157336241e-20 0 23.2305489
60.00099988230199 1.45968 0.38422 -3.775704427098964e-10 6.49173157336241e-20 0 49.1202621
60.0010000598718 1.45968 0.38422 -3.775704427098964e-10 6.49173157336241e-20 0 20.4562702
60.00099988230199 1.45968 0.38422 -3.775389116731767e-10 6.49173157336241e-20 0 50.0733376
60.0010000598718 1.45968 0.38422 -3.775389116731767e-10 6.49173157336241e-20 0 20.9415417
60.00099988230199 1.45968 0.38422 -3.775073806364569e-10 6.49173157336241e-20 0 37.817791
60.0010000598718 1.45968 0.38422 -3.775073806364569e-10 6.49173157336241e-20 0 31.1349125
60.00099988230199 1.45968 0.38422 -3.774758495997371e-10 6.49173157336241e-20 0 20.0073128
60.0010000598718 1.45968 0.38422 -3.774758495997371e-10 6.49173157336241e-20 0 48.2697792
60.00099988230199 1.45968 0.38422 -3.774443185630173e-10 6.49173157336241e-20 0 8.78512287
60.0010000598718 1.45968 0.38422 -3.774443185630173e-10 6.49173157336241e-20 0 60.3942451
60.00099988230199 1.45968 0.38422 -3.77633504783336e-10 7.051627587058224e-20 0 27.7464752
60.0010000598718 1.45968 0.38422 -3.77633504783336e-10 7.051627587058224e-20 0 22.107233
60.00099988230199 1.45968 0.38422 -3.776019737466162e-10 7.051627587058224e-20 0 36.7956772
60.0010000598718 1.45968 0.38422 -3.776019737466162e-10 7.051627587058224e-20 0 23.4370785
60.00099988230199 1.45968 0.38422 -3.775704427098964e-10 7.051627587058224e-20 0 47.8286209
60.0010000598718 1.45968 0.38422 -3.775704427098964e-10 7.051627587058224e-20 0 21.071497
60.00099988230199 1.45968 0.38422 -3.775389116731767e-10 7.051627587058224e-20 0 51.2680473
60.0010000598718 1.45968 0.38422 -3.775389116731767e-10 7.051627587058224e-20 0 20.1800232
60.00099988230199 1.45968 0.38422 -3.775073806364569e-10 7.051627587058224e-20 0 41.3812256
60.0010000598718 1.45968 0.38422 -3.775073806364569e-10 7.051627587058224e-20 0 27.9840355
60.00099988230199 1.45968 0.38422 -3.774758495997371e-10 7.051627587058224e-20 0 23.5885372
60.0010000598718 1.45968 0.38422 -3.774758495997371e-10 7.051627587058224e-20 0 44.1458244
60.00099988230199 1.45968 0.38422 -3.774443185630173e-10 7.051627587058224e-20 0 10.1073503
60.0010000598718 1.45968 0.38422 -3.774443185630173e-10 7.051627587058224e-20 0 58.1387367
60.00099988230199 1.45968 0.38422 -3.77633504783336e-10 7.611523600754039e-20 0 27.4864521
60.0010000598718 1.45968 0.38422 -3.77633504783336e-10 7.611523600754039e-20 0 21.29562
60.00099988230199 1.45968 0.38422 -3.776019737466162e-10 7.611523600754039e-20 0 35.1597824
60.0010000598718 1.45968 0.38422 -3.776019737466162e-10 7.611523600754039e-20 0 23.3898296
60.00099988230199 1.45968 0.38422 -3.775704427098964e-10 7.611523600754039e-20 0 46.2444305
60.0010000598718 1.45968 0.38422 -3.775704427098964e-10 7.611523600754039e-20 0 21.6853161
60.00099988230199 1.45968 0.38422 -3.775389116731767e-10 7.611523600754039e-20 0 51.8538246
60.0010000598718 1.45968 0.38422 -3.775389116731767e-10 7.611523600754039e-20 0 19.8487053
60.00099988230199 1.45968 0.38422 -3.775073806364569e-10 7.611523600754039e-20 0 44.5818939
60.0010000598718 1.45968 0.38422 -3.775073806364569e-10 7.611523600754039e-20 0 25.3435879
60.00099988230199 1.45968 0.38422 -3.774758495997371e-10 7.611523600754039e-20 0 27.4008846
60.0010000598718 1.45968 0.38422 -3.774758495997371e-10 7.611523600754039e-20 0 40.0556908
60.00099988230199 1.45968 0.38422 -3.774443185630173e-10 7.611523600754039e-20 0 11.9950705
60.0010000598718 1.45968 0.38422 -3.774443185630173e-10 7.611523600754039e-20 0 55.3191032
60.00099988230199 1.45968 0.38422 -3.77633504783336e-10 8.171419614449853e-20 0 27.5389042
60.0010000598718 1.45968 0.38422 -3.77633504783336e-10 8.171419614449853e-20 0 20.4356441
60.00099988230199 1.45968 0.38422 -3.776019737466162e-10 8.171419614449853e-20 0 33.7887306
60.0010000598718 1.45968 0.38422 -3.776019737466162e-10 8.171419614449853e-20 0 23.0947819
60.00099988230199 1.45968 0.38422 -3.775704427098964e-10 8.171419614449853e-20 0 44.4804802
60.0010000598718 1.45968 0.38422 -3.775704427098964e-10 8.171419614449853e-20 0 22.2114449
60.00099988230199 1.45968 0.38422 -3.775389116731767e-10 8.171419614449853e-20 0 51.8570824
60.0010000598718 1.45968 0.38422 -3.775389116731767e-10 8.171419614449853e-20 0 19.8589497
60.00099988230199 1.45968 0.38422 -3.775073806364569e-10 8.171419614449853e-20 0 47.317749
60.0010000598718 1.45968 0.38422 -3.775073806364569e-10 8.171419614449853e-20 0 23.2385349
60.00099988230199 1.45968 0.38422 -3.774758495997371e-10 8.171419614449853e-20 0 31.3149815
60.0010000598718 1.45968 0.38422 -3.774758495997371e-10 8.171419614449853e-20 0 36.1345978
60.00099988230199 1.45968 0.38422 -3.774443185630173e-10 8.171419614449853e-20 0 14.4237671
60.0010000598718 1.45968 0.38422 -3.774443185630173e-10 8.171419614449853e-20 0 52.0466805
60.00099988230199 1.45968 0.38422 -3.77633504783336e-10 8.731315628145667e-20 0 27.8558846
60.0010000598718 1.45968 0.38422 -3.77633504783336e-10 8.731315628145667e-20 0 19.5917282
60.00099988230199 1.45968 0.38422 -3.776019737466162e-10 8.731315628145667e-20 0 32.7325439
60.0010000598718 1.45968 0.38422 -3.776019737466162e-10 8.731315628145667e-20 0 22.5781174
60.00099988230199 1.45968 0.38422 -3.775704427098964e-10 8.731315628145667e-20 0 42.6518974
60.0010000598718 1.45968 0.38422 -3.775704427098964e-10 8.731315628145667e-20 0 22.5817356
60.00099988230199 1.45968 0.38422 -3.775389116731767e-10 8.731315628145667e-20 0 51.3330193
60.0010000598718 1.45968 0.38422 -3.775389116731767e-10 8.731315628145667e-20 0 20.1121769
60.00099988230199 1.45968 0.38422 -3.775073806364569e-10 8.731315628145667e-20 0 49.5104561
60.0010000598718 1.45968 0.38422 -3.775073806364569e-10 8.731315628145667e-20 0 21.6631603
60.00099988230199 1.45968 0.38422 -3.774758495997371e-10 8.731315628145667e-20 0 35.1938019
60.0010000598718 1.45968 0.38422 -3.774758495997371e-10 8.731315628145667e-20 0 32.4999008
60.00099988230199 1.45968 0.38422 -3.774443185630173e-10 8.731315628145667e-20 0 17.3384514
60.0010000598718 1.45968 0.38422 -3.774443185630173e-10 8.731315628145667e-20 0 48.4495659
%DONE
