%% cmdline: /home/m206265/.local/bin/lalapps_ComputeFstatistic_v2 --Alpha=1.45968 --Delta=0.38422 --Freq=60.00099997108689 --f1dot=-3.776177392649761e-10 --f2dot=-6.665824748489225e-20 --FreqBand=2.353960193482305e-07 --f1dotBand=1.970095666720493e-13 --f2dotBand=1.612094551067427e-19 --dFreq=1.775698080186264e-07 --df1dot=3.153103671977183e-14 --df2dot=5.598960136958141e-21 --DataFiles="/home/m206265/lalapps_work/SFTinj/*.sft" --assumeSqrtSX="0.00751" --refTime=1171754150 --outputFstat="Fstat_nonoise_3fband_shift.txt" --FstatMethod=DemodSSE
%% LAL: 7.1.5 (UNCLEAN 53aa4afe025550f99f1042f83420085e09e6a5fc)
%% LALFrame: 1.6.0 (UNCLEAN 53aa4afe025550f99f1042f83420085e09e6a5fc)
%% LALMetaIO: 2.1.0 (UNCLEAN 53aa4afe025550f99f1042f83420085e09e6a5fc)
%% LALSimulation: 3.1.0 (UNCLEAN 53aa4afe025550f99f1042f83420085e09e6a5fc)
%% LALBurst: 1.5.10 (UNCLEAN 53aa4afe025550f99f1042f83420085e09e6a5fc)
%% LALInspiral: 2.0.4 (UNCLEAN 53aa4afe025550f99f1042f83420085e09e6a5fc)
%% LALPulsar: 3.1.1 (UNCLEAN 53aa4afe025550f99f1042f83420085e09e6a5fc)
%% LALInference: 3.0.1 (UNCLEAN 53aa4afe025550f99f1042f83420085e09e6a5fc)
%% LALApps: 7.4.0 (UNCLEAN 53aa4afe025550f99f1042f83420085e09e6a5fc)
%% FstatMethod used: 'DemodSSE'
%% Started search: 2022-02-25 18:21:42.7472
%% Loaded SFTs: [ H1:2159, L1:1948 ]
%% GPS starttime         = 1167983370 (Mon Jan  9 07:49:12 2017 GMT)
%% Total time spanned    = 5631588 s (1564.33 hours)
%% Pulsar-params refTime = 1171754150
%% Spin-range at refTime: fkdot = [ 60.00099997108689:60.00100020648291, -3.776177392649761e-10:-3.77420729698304e-10, -6.665824748489225e-20:9.455120762185041e-20, 0:0, 0:0, 0:0, 0:0 ]
%% columns:
%% freq alpha delta f1dot f2dot f3dot 2F
60.00099997108689 1.45968 0.38422 -3.776177392649761e-10 -6.665824748489225e-20 0 60.4743614
60.0010001486567 1.45968 0.38422 -3.776177392649761e-10 -6.665824748489225e-20 0 7.49589109
60.00099997108689 1.45968 0.38422 -3.775862082282563e-10 -6.665824748489225e-20 0 44.9895515
60.0010001486567 1.45968 0.38422 -3.775862082282563e-10 -6.665824748489225e-20 0 20.6539745
60.00099997108689 1.45968 0.38422 -3.775546771915365e-10 -6.665824748489225e-20 0 31.4249306
60.0010001486567 1.45968 0.38422 -3.775546771915365e-10 -6.665824748489225e-20 0 34.6855621
60.00099997108689 1.45968 0.38422 -3.775231461548168e-10 -6.665824748489225e-20 0 26.9481354
60.0010001486567 1.45968 0.38422 -3.775231461548168e-10 -6.665824748489225e-20 0 39.904686
60.00099997108689 1.45968 0.38422 -3.77491615118097e-10 -6.665824748489225e-20 0 28.2549686
60.0010001486567 1.45968 0.38422 -3.77491615118097e-10 -6.665824748489225e-20 0 35.0688705
60.00099997108689 1.45968 0.38422 -3.774600840813772e-10 -6.665824748489225e-20 0 28.1761265
60.0010001486567 1.45968 0.38422 -3.774600840813772e-10 -6.665824748489225e-20 0 27.0728378
60.00099997108689 1.45968 0.38422 -3.774285530446575e-10 -6.665824748489225e-20 0 24.449297
60.0010001486567 1.45968 0.38422 -3.774285530446575e-10 -6.665824748489225e-20 0 22.4683056
60.00099997108689 1.45968 0.38422 -3.776177392649761e-10 -6.105928734793411e-20 0 63.5981407
60.0010001486567 1.45968 0.38422 -3.776177392649761e-10 -6.105928734793411e-20 0 5.8243494
60.00099997108689 1.45968 0.38422 -3.775862082282563e-10 -6.105928734793411e-20 0 49.0140572
60.0010001486567 1.45968 0.38422 -3.775862082282563e-10 -6.105928734793411e-20 0 17.4141884
60.00099997108689 1.45968 0.38422 -3.775546771915365e-10 -6.105928734793411e-20 0 33.7256546
60.0010001486567 1.45968 0.38422 -3.775546771915365e-10 -6.105928734793411e-20 0 32.1486473
60.00099997108689 1.45968 0.38422 -3.775231461548168e-10 -6.105928734793411e-20 0 27.0672092
60.0010001486567 1.45968 0.38422 -3.775231461548168e-10 -6.105928734793411e-20 0 39.563633
60.00099997108689 1.45968 0.38422 -3.77491615118097e-10 -6.105928734793411e-20 0 27.7555294
60.0010001486567 1.45968 0.38422 -3.77491615118097e-10 -6.105928734793411e-20 0 36.2590103
60.00099997108689 1.45968 0.38422 -3.774600840813772e-10 -6.105928734793411e-20 0 28.4684372
60.0010001486567 1.45968 0.38422 -3.774600840813772e-10 -6.105928734793411e-20 0 28.0179882
60.00099997108689 1.45968 0.38422 -3.774285530446575e-10 -6.105928734793411e-20 0 25.3500156
60.0010001486567 1.45968 0.38422 -3.774285530446575e-10 -6.105928734793411e-20 0 22.2976437
60.00099997108689 1.45968 0.38422 -3.776177392649761e-10 -5.546032721097597e-20 0 66.1888275
60.0010001486567 1.45968 0.38422 -3.776177392649761e-10 -5.546032721097597e-20 0 4.64670706
60.00099997108689 1.45968 0.38422 -3.775862082282563e-10 -5.546032721097597e-20 0 53.1589775
60.0010001486567 1.45968 0.38422 -3.775862082282563e-10 -5.546032721097597e-20 0 14.3391132
60.00099997108689 1.45968 0.38422 -3.775546771915365e-10 -5.546032721097597e-20 0 36.5643044
60.0010001486567 1.45968 0.38422 -3.775546771915365e-10 -5.546032721097597e-20 0 29.2833576
60.00099997108689 1.45968 0.38422 -3.775231461548168e-10 -5.546032721097597e-20 0 27.5579605
60.0010001486567 1.45968 0.38422 -3.775231461548168e-10 -5.546032721097597e-20 0 38.7561722
60.00099997108689 1.45968 0.38422 -3.77491615118097e-10 -5.546032721097597e-20 0 27.1874866
60.0010001486567 1.45968 0.38422 -3.77491615118097e-10 -5.546032721097597e-20 0 37.2956429
60.00099997108689 1.45968 0.38422 -3.774600840813772e-10 -5.546032721097597e-20 0 28.5039597
60.0010001486567 1.45968 0.38422 -3.774600840813772e-10 -5.546032721097597e-20 0 29.1765099
60.00099997108689 1.45968 0.38422 -3.774285530446575e-10 -5.546032721097597e-20 0 26.1810627
60.0010001486567 1.45968 0.38422 -3.774285530446575e-10 -5.546032721097597e-20 0 22.3793983
60.00099997108689 1.45968 0.38422 -3.776177392649761e-10 -4.986136707401782e-20 0 68.131958
60.0010001486567 1.45968 0.38422 -3.776177392649761e-10 -4.986136707401782e-20 0 3.96546173
60.00099997108689 1.45968 0.38422 -3.775862082282563e-10 -4.986136707401782e-20 0 57.275898
60.0010001486567 1.45968 0.38422 -3.775862082282563e-10 -4.986136707401782e-20 0 11.5308952
60.00099997108689 1.45968 0.38422 -3.775546771915365e-10 -4.986136707401782e-20 0 39.9035187
60.0010001486567 1.45968 0.38422 -3.775546771915365e-10 -4.986136707401782e-20 0 26.1813202
60.00099997108689 1.45968 0.38422 -3.775231461548168e-10 -4.986136707401782e-20 0 28.5070133
60.0010001486567 1.45968 0.38422 -3.775231461548168e-10 -4.986136707401782e-20 0 37.4689674
60.00099997108689 1.45968 0.38422 -3.77491615118097e-10 -4.986136707401782e-20 0 26.6443062
60.0010001486567 1.45968 0.38422 -3.77491615118097e-10 -4.986136707401782e-20 0 38.0897484
60.00099997108689 1.45968 0.38422 -3.774600840813772e-10 -4.986136707401782e-20 0 28.2843151
60.0010001486567 1.45968 0.38422 -3.774600840813772e-10 -4.986136707401782e-20 0 30.4900608
60.00099997108689 1.45968 0.38422 -3.774285530446575e-10 -4.986136707401782e-20 0 26.8775139
60.0010001486567 1.45968 0.38422 -3.774285530446575e-10 -4.986136707401782e-20 0 22.7387486
60.00099997108689 1.45968 0.38422 -3.776177392649761e-10 -4.426240693705968e-20 0 69.3402939
60.0010001486567 1.45968 0.38422 -3.776177392649761e-10 -4.426240693705968e-20 0 3.75665331
60.00099997108689 1.45968 0.38422 -3.775862082282563e-10 -4.426240693705968e-20 0 61.2071228
60.0010001486567 1.45968 0.38422 -3.775862082282563e-10 -4.426240693705968e-20 0 9.07585907
60.00099997108689 1.45968 0.38422 -3.775546771915365e-10 -4.426240693705968e-20 0 43.6724777
60.0010001486567 1.45968 0.38422 -3.775546771915365e-10 -4.426240693705968e-20 0 22.9466953
60.00099997108689 1.45968 0.38422 -3.775231461548168e-10 -4.426240693705968e-20 0 29.981123
60.0010001486567 1.45968 0.38422 -3.775231461548168e-10 -4.426240693705968e-20 0 35.713562
60.00099997108689 1.45968 0.38422 -3.77491615118097e-10 -4.426240693705968e-20 0 26.2310524
60.0010001486567 1.45968 0.38422 -3.77491615118097e-10 -4.426240693705968e-20 0 38.5606995
60.00099997108689 1.45968 0.38422 -3.774600840813772e-10 -4.426240693705968e-20 0 27.8350754
60.0010001486567 1.45968 0.38422 -3.774600840813772e-10 -4.426240693705968e-20 0 31.885643
60.00099997108689 1.45968 0.38422 -3.774285530446575e-10 -4.426240693705968e-20 0 27.3816605
60.0010001486567 1.45968 0.38422 -3.774285530446575e-10 -4.426240693705968e-20 0 23.3840008
60.00099997108689 1.45968 0.38422 -3.776177392649761e-10 -3.866344680010153e-20 0 69.7589722
60.0010001486567 1.45968 0.38422 -3.776177392649761e-10 -3.866344680010153e-20 0 3.97240019
60.00099997108689 1.45968 0.38422 -3.775862082282563e-10 -3.866344680010153e-20 0 64.7947845
60.0010001486567 1.45968 0.38422 -3.775862082282563e-10 -3.866344680010153e-20 0 7.03971434
60.00099997108689 1.45968 0.38422 -3.775546771915365e-10 -3.866344680010153e-20 0 47.7692261
60.0010001486567 1.45968 0.38422 -3.775546771915365e-10 -3.866344680010153e-20 0 19.6899891
60.00099997108689 1.45968 0.38422 -3.775231461548168e-10 -3.866344680010153e-20 0 32.02071
60.0010001486567 1.45968 0.38422 -3.775231461548168e-10 -3.866344680010153e-20 0 33.5264473
60.00099997108689 1.45968 0.38422 -3.77491615118097e-10 -3.866344680010153e-20 0 26.0575581
60.0010001486567 1.45968 0.38422 -3.77491615118097e-10 -3.866344680010153e-20 0 38.6417656
60.00099997108689 1.45968 0.38422 -3.774600840813772e-10 -3.866344680010153e-20 0 27.205883
60.0010001486567 1.45968 0.38422 -3.774600840813772e-10 -3.866344680010153e-20 0 33.2800789
60.00099997108689 1.45968 0.38422 -3.774285530446575e-10 -3.866344680010153e-20 0 27.648407
60.0010001486567 1.45968 0.38422 -3.774285530446575e-10 -3.866344680010153e-20 0 24.3047276
60.00099997108689 1.45968 0.38422 -3.776177392649761e-10 -3.306448666314339e-20 0 69.3699875
60.0010001486567 1.45968 0.38422 -3.776177392649761e-10 -3.306448666314339e-20 0 4.54478359
60.00099997108689 1.45968 0.38422 -3.775862082282563e-10 -3.306448666314339e-20 0 67.8900223
60.0010001486567 1.45968 0.38422 -3.775862082282563e-10 -3.306448666314339e-20 0 5.46418047
60.00099997108689 1.45968 0.38422 -3.775546771915365e-10 -3.306448666314339e-20 0 52.0648613
60.0010001486567 1.45968 0.38422 -3.775546771915365e-10 -3.306448666314339e-20 0 16.5217419
60.00099997108689 1.45968 0.38422 -3.775231461548168e-10 -3.306448666314339e-20 0 34.6350136
60.0010001486567 1.45968 0.38422 -3.775231461548168e-10 -3.306448666314339e-20 0 30.9667377
60.00099997108689 1.45968 0.38422 -3.77491615118097e-10 -3.306448666314339e-20 0 26.2309742
60.0010001486567 1.45968 0.38422 -3.77491615118097e-10 -3.306448666314339e-20 0 38.2843742
60.00099997108689 1.45968 0.38422 -3.774600840813772e-10 -3.306448666314339e-20 0 26.4689236
60.0010001486567 1.45968 0.38422 -3.774600840813772e-10 -3.306448666314339e-20 0 34.5844879
60.00099997108689 1.45968 0.38422 -3.774285530446575e-10 -3.306448666314339e-20 0 27.6503124
60.0010001486567 1.45968 0.38422 -3.774285530446575e-10 -3.306448666314339e-20 0 25.4717903
60.00099997108689 1.45968 0.38422 -3.776177392649761e-10 -2.746552652618525e-20 0 68.1931686
60.0010001486567 1.45968 0.38422 -3.776177392649761e-10 -2.746552652618525e-20 0 5.39099216
60.00099997108689 1.45968 0.38422 -3.775862082282563e-10 -2.746552652618525e-20 0 70.3616638
60.0010001486567 1.45968 0.38422 -3.775862082282563e-10 -2.746552652618525e-20 0 4.36539173
60.00099997108689 1.45968 0.38422 -3.775546771915365e-10 -2.746552652618525e-20 0 56.4100571
60.0010001486567 1.45968 0.38422 -3.775546771915365e-10 -2.746552652618525e-20 0 13.5458937
60.00099997108689 1.45968 0.38422 -3.775231461548168e-10 -2.746552652618525e-20 0 37.7991333
60.0010001486567 1.45968 0.38422 -3.775231461548168e-10 -2.746552652618525e-20 0 28.1128273
60.00099997108689 1.45968 0.38422 -3.77491615118097e-10 -2.746552652618525e-20 0 26.8478069
60.0010001486567 1.45968 0.38422 -3.77491615118097e-10 -2.746552652618525e-20 0 37.4615173
60.00099997108689 1.45968 0.38422 -3.774600840813772e-10 -2.746552652618525e-20 0 25.7153397
60.0010001486567 1.45968 0.38422 -3.774600840813772e-10 -2.746552652618525e-20 0 35.7095795
60.00099997108689 1.45968 0.38422 -3.774285530446575e-10 -2.746552652618525e-20 0 27.3813038
60.0010001486567 1.45968 0.38422 -3.774285530446575e-10 -2.746552652618525e-20 0 26.8382225
60.00099997108689 1.45968 0.38422 -3.776177392649761e-10 -2.18665663892271e-20 0 66.2853775
60.0010001486567 1.45968 0.38422 -3.776177392649761e-10 -2.18665663892271e-20 0 6.4192524
60.00099997108689 1.45968 0.38422 -3.775862082282563e-10 -2.18665663892271e-20 0 72.104744
60.0010001486567 1.45968 0.38422 -3.775862082282563e-10 -2.18665663892271e-20 0 3.73380971
60.00099997108689 1.45968 0.38422 -3.775546771915365e-10 -2.18665663892271e-20 0 60.6428261
60.0010001486567 1.45968 0.38422 -3.775546771915365e-10 -2.18665663892271e-20 0 10.8539028
60.00099997108689 1.45968 0.38422 -3.775231461548168e-10 -2.18665663892271e-20 0 41.4533005
60.0010001486567 1.45968 0.38422 -3.775231461548168e-10 -2.18665663892271e-20 0 25.057806
60.00099997108689 1.45968 0.38422 -3.77491615118097e-10 -2.18665663892271e-20 0 27.9863796
60.0010001486567 1.45968 0.38422 -3.77491615118097e-10 -2.18665663892271e-20 0 36.1692543
60.00099997108689 1.45968 0.38422 -3.774600840813772e-10 -2.18665663892271e-20 0 25.0501919
60.0010001486567 1.45968 0.38422 -3.774600840813772e-10 -2.18665663892271e-20 0 36.5713959
60.00099997108689 1.45968 0.38422 -3.774285530446575e-10 -2.18665663892271e-20 0 26.8592014
60.0010001486567 1.45968 0.38422 -3.774285530446575e-10 -2.18665663892271e-20 0 28.3415089
60.00099997108689 1.45968 0.38422 -3.776177392649761e-10 -1.626760625226896e-20 0 63.7375603
60.0010001486567 1.45968 0.38422 -3.776177392649761e-10 -1.626760625226896e-20 0 7.53515863
60.00099997108689 1.45968 0.38422 -3.775862082282563e-10 -1.626760625226896e-20 0 73.0461426
60.0010001486567 1.45968 0.38422 -3.775862082282563e-10 -1.626760625226896e-20 0 3.53600168
60.00099997108689 1.45968 0.38422 -3.775546771915365e-10 -1.626760625226896e-20 0 64.5972824
60.0010001486567 1.45968 0.38422 -3.775546771915365e-10 -1.626760625226896e-20 0 8.51982784
60.00099997108689 1.45968 0.38422 -3.775231461548168e-10 -1.626760625226896e-20 0 45.5042419
60.0010001486567 1.45968 0.38422 -3.775231461548168e-10 -1.626760625226896e-20 0 21.9041367
60.00099997108689 1.45968 0.38422 -3.77491615118097e-10 -1.626760625226896e-20 0 29.6997452
60.0010001486567 1.45968 0.38422 -3.77491615118097e-10 -1.626760625226896e-20 0 34.427475
60.00099997108689 1.45968 0.38422 -3.774600840813772e-10 -1.626760625226896e-20 0 24.5857792
60.0010001486567 1.45968 0.38422 -3.774600840813772e-10 -1.626760625226896e-20 0 37.0961838
60.00099997108689 1.45968 0.38422 -3.774285530446575e-10 -1.626760625226896e-20 0 26.1265793
60.0010001486567 1.45968 0.38422 -3.774285530446575e-10 -1.626760625226896e-20 0 29.9067478
60.00099997108689 1.45968 0.38422 -3.776177392649761e-10 -1.066864611531082e-20 0 60.6694069
60.0010001486567 1.45968 0.38422 -3.776177392649761e-10 -1.066864611531082e-20 0 8.64783478
60.00099997108689 1.45968 0.38422 -3.775862082282563e-10 -1.066864611531082e-20 0 73.1501617
60.0010001486567 1.45968 0.38422 -3.775862082282563e-10 -1.066864611531082e-20 0 3.71776772
60.00099997108689 1.45968 0.38422 -3.775546771915365e-10 -1.066864611531082e-20 0 68.1134796
60.0010001486567 1.45968 0.38422 -3.775546771915365e-10 -1.066864611531082e-20 0 6.59660196
60.00099997108689 1.45968 0.38422 -3.775231461548168e-10 -1.066864611531082e-20 0 49.8290558
60.0010001486567 1.45968 0.38422 -3.775231461548168e-10 -1.066864611531082e-20 0 18.7571831
60.00099997108689 1.45968 0.38422 -3.77491615118097e-10 -1.066864611531082e-20 0 32.010498
60.0010001486567 1.45968 0.38422 -3.77491615118097e-10 -1.066864611531082e-20 0 32.2785988
60.00099997108689 1.45968 0.38422 -3.774600840813772e-10 -1.066864611531082e-20 0 24.434351
60.0010001486567 1.45968 0.38422 -3.774600840813772e-10 -1.066864611531082e-20 0 37.2248573
60.00099997108689 1.45968 0.38422 -3.774285530446575e-10 -1.066864611531082e-20 0 25.2492867
60.0010001486567 1.45968 0.38422 -3.774285530446575e-10 -1.066864611531082e-20 0 31.4505939
60.00099997108689 1.45968 0.38422 -3.776177392649761e-10 -5.069685978352681e-21 0 57.2225952
60.0010001486567 1.45968 0.38422 -3.776177392649761e-10 -5.069685978352681e-21 0 9.67555523
60.00099997108689 1.45968 0.38422 -3.775862082282563e-10 -5.069685978352681e-21 0 72.4202881
60.0010001486567 1.45968 0.38422 -3.775862082282563e-10 -5.069685978352681e-21 0 4.20865536
60.00099997108689 1.45968 0.38422 -3.775546771915365e-10 -5.069685978352681e-21 0 71.0468597
60.0010001486567 1.45968 0.38422 -3.775546771915365e-10 -5.069685978352681e-21 0 5.11368847
60.00099997108689 1.45968 0.38422 -3.775231461548168e-10 -5.069685978352681e-21 0 54.2812271
60.0010001486567 1.45968 0.38422 -3.775231461548168e-10 -5.069685978352681e-21 0 15.7196503
60.00099997108689 1.45968 0.38422 -3.77491615118097e-10 -5.069685978352681e-21 0 34.9071541
60.0010001486567 1.45968 0.38422 -3.77491615118097e-10 -5.069685978352681e-21 0 29.7854328
60.00099997108689 1.45968 0.38422 -3.774600840813772e-10 -5.069685978352681e-21 0 24.6997776
60.0010001486567 1.45968 0.38422 -3.774600840813772e-10 -5.069685978352681e-21 0 36.9167023
60.00099997108689 1.45968 0.38422 -3.774285530446575e-10 -5.069685978352681e-21 0 24.3139248
60.0010001486567 1.45968 0.38422 -3.774285530446575e-10 -5.069685978352681e-21 0 32.8862419
60.00099997108689 1.45968 0.38422 -3.776177392649761e-10 5.292741586054605e-22 0 53.5520554
60.0010001486567 1.45968 0.38422 -3.776177392649761e-10 5.292741586054605e-22 0 10.5505152
60.00099997108689 1.45968 0.38422 -3.775862082282563e-10 5.292741586054605e-22 0 70.8993149
60.0010001486567 1.45968 0.38422 -3.775862082282563e-10 5.292741586054605e-22 0 4.92711496
60.00099997108689 1.45968 0.38422 -3.775546771915365e-10 5.292741586054605e-22 0 73.2763748
60.0010001486567 1.45968 0.38422 -3.775546771915365e-10 5.292741586054605e-22 0 4.07650232
60.00099997108689 1.45968 0.38422 -3.775231461548168e-10 5.292741586054605e-22 0 58.6981163
60.0010001486567 1.45968 0.38422 -3.775231461548168e-10 5.292741586054605e-22 0 12.8854933
60.00099997108689 1.45968 0.38422 -3.77491615118097e-10 5.292741586054605e-22 0 38.3423958
60.0010001486567 1.45968 0.38422 -3.77491615118097e-10 5.292741586054605e-22 0 27.0268536
60.00099997108689 1.45968 0.38422 -3.774600840813772e-10 5.292741586054605e-22 0 25.4699764
60.0010001486567 1.45968 0.38422 -3.774600840813772e-10 5.292741586054605e-22 0 36.15205
60.00099997108689 1.45968 0.38422 -3.774285530446575e-10 5.292741586054605e-22 0 23.4228134
60.0010001486567 1.45968 0.38422 -3.774285530446575e-10 5.292741586054605e-22 0 34.1283607
60.00099997108689 1.45968 0.38422 -3.776177392649761e-10 6.128234295563602e-21 0 49.8174171
60.0010001486567 1.45968 0.38422 -3.776177392649761e-10 6.128234295563602e-21 0 11.2223492
60.00099997108689 1.45968 0.38422 -3.775862082282563e-10 6.128234295563602e-21 0 68.6671829
60.0010001486567 1.45968 0.38422 -3.775862082282563e-10 6.128234295563602e-21 0 5.78648424
60.00099997108689 1.45968 0.38422 -3.775546771915365e-10 6.128234295563602e-21 0 74.7128296
60.0010001486567 1.45968 0.38422 -3.775546771915365e-10 6.128234295563602e-21 0 3.46725416
60.00099997108689 1.45968 0.38422 -3.775231461548168e-10 6.128234295563602e-21 0 62.9099464
60.0010001486567 1.45968 0.38422 -3.775231461548168e-10 6.128234295563602e-21 0 10.3350325
60.00099997108689 1.45968 0.38422 -3.77491615118097e-10 6.128234295563602e-21 0 42.2340088
60.0010001486567 1.45968 0.38422 -3.77491615118097e-10 6.128234295563602e-21 0 24.0938225
60.00099997108689 1.45968 0.38422 -3.774600840813772e-10 6.128234295563602e-21 0 26.8096085
60.0010001486567 1.45968 0.38422 -3.774600840813772e-10 6.128234295563602e-21 0 34.933197
60.00099997108689 1.45968 0.38422 -3.774285530446575e-10 6.128234295563602e-21 0 22.6878757
60.0010001486567 1.45968 0.38422 -3.774285530446575e-10 6.128234295563602e-21 0 35.0978394
60.00099997108689 1.45968 0.38422 -3.776177392649761e-10 1.172719443252174e-20 0 46.1734505
60.0010001486567 1.45968 0.38422 -3.776177392649761e-10 1.172719443252174e-20 0 11.6601868
60.00099997108689 1.45968 0.38422 -3.775862082282563e-10 1.172719443252174e-20 0 65.8356247
60.0010001486567 1.45968 0.38422 -3.775862082282563e-10 1.172719443252174e-20 0 6.70069551
60.00099997108689 1.45968 0.38422 -3.775546771915365e-10 1.172719443252174e-20 0 75.3030853
60.0010001486567 1.45968 0.38422 -3.775546771915365e-10 1.172719443252174e-20 0 3.24732113
60.00099997108689 1.45968 0.38422 -3.775231461548168e-10 1.172719443252174e-20 0 66.749588
60.0010001486567 1.45968 0.38422 -3.775231461548168e-10 1.172719443252174e-20 0 8.13085556
60.00099997108689 1.45968 0.38422 -3.77491615118097e-10 1.172719443252174e-20 0 46.4681549
60.0010001486567 1.45968 0.38422 -3.77491615118097e-10 1.172719443252174e-20 0 21.0835648
60.00099997108689 1.45968 0.38422 -3.774600840813772e-10 1.172719443252174e-20 0 28.7541561
60.0010001486567 1.45968 0.38422 -3.774600840813772e-10 1.172719443252174e-20 0 33.2842293
60.00099997108689 1.45968 0.38422 -3.774285530446575e-10 1.172719443252174e-20 0 22.2234764
60.0010001486567 1.45968 0.38422 -3.774285530446575e-10 1.172719443252174e-20 0 35.7263832
60.00099997108689 1.45968 0.38422 -3.776177392649761e-10 1.732615456947988e-20 0 42.7616234
60.0010001486567 1.45968 0.38422 -3.776177392649761e-10 1.732615456947988e-20 0 11.8532457
60.00099997108689 1.45968 0.38422 -3.775862082282563e-10 1.732615456947988e-20 0 62.5421371
60.0010001486567 1.45968 0.38422 -3.775862082282563e-10 1.732615456947988e-20 0 7.5897913
60.00099997108689 1.45968 0.38422 -3.775546771915365e-10 1.732615456947988e-20 0 75.0344162
60.0010001486567 1.45968 0.38422 -3.775546771915365e-10 1.732615456947988e-20 0 3.36082721
60.00099997108689 1.45968 0.38422 -3.775231461548168e-10 1.732615456947988e-20 0 70.0621033
60.0010001486567 1.45968 0.38422 -3.775231461548168e-10 1.732615456947988e-20 0 6.31510878
60.00099997108689 1.45968 0.38422 -3.77491615118097e-10 1.732615456947988e-20 0 50.9046173
60.0010001486567 1.45968 0.38422 -3.77491615118097e-10 1.732615456947988e-20 0 18.0943336
60.00099997108689 1.45968 0.38422 -3.774600840813772e-10 1.732615456947988e-20 0 31.3056355
60.0010001486567 1.45968 0.38422 -3.774600840813772e-10 1.732615456947988e-20 0 31.2500725
60.00099997108689 1.45968 0.38422 -3.774285530446575e-10 1.732615456947988e-20 0 22.1383514
60.0010001486567 1.45968 0.38422 -3.774285530446575e-10 1.732615456947988e-20 0 35.9606285
60.00099997108689 1.45968 0.38422 -3.776177392649761e-10 2.292511470643803e-20 0 39.7021599
60.0010001486567 1.45968 0.38422 -3.776177392649761e-10 2.292511470643803e-20 0 11.8099537
60.00099997108689 1.45968 0.38422 -3.775862082282563e-10 2.292511470643803e-20 0 58.9412842
60.0010001486567 1.45968 0.38422 -3.775862082282563e-10 2.292511470643803e-20 0 8.38460541
60.00099997108689 1.45968 0.38422 -3.775546771915365e-10 2.292511470643803e-20 0 73.934494
60.0010001486567 1.45968 0.38422 -3.775546771915365e-10 2.292511470643803e-20 0 3.73920155
60.00099997108689 1.45968 0.38422 -3.775231461548168e-10 2.292511470643803e-20 0 72.7139816
60.0010001486567 1.45968 0.38422 -3.775231461548168e-10 2.292511470643803e-20 0 4.90805006
60.00099997108689 1.45968 0.38422 -3.77491615118097e-10 2.292511470643803e-20 0 55.3843079
60.0010001486567 1.45968 0.38422 -3.77491615118097e-10 2.292511470643803e-20 0 15.2198524
60.00099997108689 1.45968 0.38422 -3.774600840813772e-10 2.292511470643803e-20 0 34.4304123
60.0010001486567 1.45968 0.38422 -3.774600840813772e-10 2.292511470643803e-20 0 28.8928165
60.00099997108689 1.45968 0.38422 -3.774285530446575e-10 2.292511470643803e-20 0 22.5279045
60.0010001486567 1.45968 0.38422 -3.774285530446575e-10 2.292511470643803e-20 0 35.7648773
60.00099997108689 1.45968 0.38422 -3.776177392649761e-10 2.852407484339617e-20 0 37.0882225
60.0010001486567 1.45968 0.38422 -3.776177392649761e-10 2.852407484339617e-20 0 11.5557833
60.00099997108689 1.45968 0.38422 -3.775862082282563e-10 2.852407484339617e-20 0 55.1956291
60.0010001486567 1.45968 0.38422 -3.775862082282563e-10 2.852407484339617e-20 0 9.03049564
60.00099997108689 1.45968 0.38422 -3.775546771915365e-10 2.852407484339617e-20 0 72.0699692
60.0010001486567 1.45968 0.38422 -3.775546771915365e-10 2.852407484339617e-20 0 4.30624485
60.00099997108689 1.45968 0.38422 -3.775231461548168e-10 2.852407484339617e-20 0 74.601387
60.0010001486567 1.45968 0.38422 -3.775231461548168e-10 2.852407484339617e-20 0 3.90823889
60.00099997108689 1.45968 0.38422 -3.77491615118097e-10 2.852407484339617e-20 0 59.7373543
60.0010001486567 1.45968 0.38422 -3.77491615118097e-10 2.852407484339617e-20 0 12.5443525
60.00099997108689 1.45968 0.38422 -3.774600840813772e-10 2.852407484339617e-20 0 38.0594292
60.0010001486567 1.45968 0.38422 -3.774600840813772e-10 2.852407484339617e-20 0 26.289257
60.00099997108689 1.45968 0.38422 -3.774285530446575e-10 2.852407484339617e-20 0 23.4665279
60.0010001486567 1.45968 0.38422 -3.774285530446575e-10 2.852407484339617e-20 0 35.1236382
60.00099997108689 1.45968 0.38422 -3.776177392649761e-10 3.41230349803543e-20 0 34.9814873
60.0010001486567 1.45968 0.38422 -3.776177392649761e-10 3.41230349803543e-20 0 11.1299276
60.00099997108689 1.45968 0.38422 -3.775862082282563e-10 3.41230349803543e-20 0 51.4661064
60.0010001486567 1.45968 0.38422 -3.775862082282563e-10 3.41230349803543e-20 0 9.48983192
60.00099997108689 1.45968 0.38422 -3.775546771915365e-10 3.41230349803543e-20 0 69.5422974
60.0010001486567 1.45968 0.38422 -3.775546771915365e-10 3.41230349803543e-20 0 4.98348427
60.00099997108689 1.45968 0.38422 -3.775231461548168e-10 3.41230349803543e-20 0 75.6556244
60.0010001486567 1.45968 0.38422 -3.775231461548168e-10 3.41230349803543e-20 0 3.29380918
60.00099997108689 1.45968 0.38422 -3.77491615118097e-10 3.41230349803543e-20 0 63.7936401
60.0010001486567 1.45968 0.38422 -3.77491615118097e-10 3.41230349803543e-20 0 10.1382875
60.00099997108689 1.45968 0.38422 -3.774600840813772e-10 3.41230349803543e-20 0 42.090416
60.0010001486567 1.45968 0.38422 -3.774600840813772e-10 3.41230349803543e-20 0 23.525425
60.00099997108689 1.45968 0.38422 -3.774285530446575e-10 3.41230349803543e-20 0 25.0016346
60.0010001486567 1.45968 0.38422 -3.774285530446575e-10 3.41230349803543e-20 0 34.0418816
60.00099997108689 1.45968 0.38422 -3.776177392649761e-10 3.972199511731245e-20 0 33.4101334
60.0010001486567 1.45968 0.38422 -3.776177392649761e-10 3.972199511731245e-20 0 10.5812464
60.00099997108689 1.45968 0.38422 -3.775862082282563e-10 3.972199511731245e-20 0 47.9031029
60.0010001486567 1.45968 0.38422 -3.775862082282563e-10 3.972199511731245e-20 0 9.74299049
60.00099997108689 1.45968 0.38422 -3.775546771915365e-10 3.972199511731245e-20 0 66.4812088
60.0010001486567 1.45968 0.38422 -3.775546771915365e-10 3.972199511731245e-20 0 5.69528675
60.00099997108689 1.45968 0.38422 -3.775231461548168e-10 3.972199511731245e-20 0 75.8476791
60.0010001486567 1.45968 0.38422 -3.775231461548168e-10 3.972199511731245e-20 0 3.02527165
60.00099997108689 1.45968 0.38422 -3.77491615118097e-10 3.972199511731245e-20 0 67.3920441
60.0010001486567 1.45968 0.38422 -3.77491615118097e-10 3.972199511731245e-20 0 8.0552206
60.00099997108689 1.45968 0.38422 -3.774600840813772e-10 3.972199511731245e-20 0 46.3931465
60.0010001486567 1.45968 0.38422 -3.774600840813772e-10 3.972199511731245e-20 0 20.6923103
60.00099997108689 1.45968 0.38422 -3.774285530446575e-10 3.972199511731245e-20 0 27.1485462
60.0010001486567 1.45968 0.38422 -3.774285530446575e-10 3.972199511731245e-20 0 32.5447578
60.00099997108689 1.45968 0.38422 -3.776177392649761e-10 4.532095525427059e-20 0 32.3690948
60.0010001486567 1.45968 0.38422 -3.776177392649761e-10 4.532095525427059e-20 0 9.96374416
60.00099997108689 1.45968 0.38422 -3.775862082282563e-10 4.532095525427059e-20 0 44.6380959
60.0010001486567 1.45968 0.38422 -3.775862082282563e-10 4.532095525427059e-20 0 9.78820133
60.00099997108689 1.45968 0.38422 -3.775546771915365e-10 4.532095525427059e-20 0 63.0372124
60.0010001486567 1.45968 0.38422 -3.775546771915365e-10 4.532095525427059e-20 0 6.37342787
60.00099997108689 1.45968 0.38422 -3.775231461548168e-10 4.532095525427059e-20 0 75.1897583
60.0010001486567 1.45968 0.38422 -3.775231461548168e-10 4.532095525427059e-20 0 3.04904103
60.00099997108689 1.45968 0.38422 -3.77491615118097e-10 4.532095525427059e-20 0 70.3895264
60.0010001486567 1.45968 0.38422 -3.77491615118097e-10 4.532095525427059e-20 0 6.32971716
60.00099997108689 1.45968 0.38422 -3.774600840813772e-10 4.532095525427059e-20 0 50.8157501
60.0010001486567 1.45968 0.38422 -3.774600840813772e-10 4.532095525427059e-20 0 17.8805161
60.00099997108689 1.45968 0.38422 -3.774285530446575e-10 4.532095525427059e-20 0 29.8880844
60.0010001486567 1.45968 0.38422 -3.774285530446575e-10 4.532095525427059e-20 0 30.6760349
60.00099997108689 1.45968 0.38422 -3.776177392649761e-10 5.091991539122874e-20 0 31.8223438
60.0010001486567 1.45968 0.38422 -3.776177392649761e-10 5.091991539122874e-20 0 9.33201408
60.00099997108689 1.45968 0.38422 -3.775862082282563e-10 5.091991539122874e-20 0 41.776619
60.0010001486567 1.45968 0.38422 -3.775862082282563e-10 5.091991539122874e-20 0 9.63998508
60.00099997108689 1.45968 0.38422 -3.775546771915365e-10 5.091991539122874e-20 0 59.3717537
60.0010001486567 1.45968 0.38422 -3.775546771915365e-10 5.091991539122874e-20 0 6.96092367
60.00099997108689 1.45968 0.38422 -3.775231461548168e-10 5.091991539122874e-20 0 73.7336578
60.0010001486567 1.45968 0.38422 -3.775231461548168e-10 5.091991539122874e-20 0 3.30175424
60.00099997108689 1.45968 0.38422 -3.77491615118097e-10 5.091991539122874e-20 0 72.6703339
60.0010001486567 1.45968 0.38422 -3.77491615118097e-10 5.091991539122874e-20 0 4.97664022
60.00099997108689 1.45968 0.38422 -3.774600840813772e-10 5.091991539122874e-20 0 55.1927338
60.0010001486567 1.45968 0.38422 -3.774600840813772e-10 5.091991539122874e-20 0 15.1757545
60.00099997108689 1.45968 0.38422 -3.774285530446575e-10 5.091991539122874e-20 0 33.1658745
60.0010001486567 1.45968 0.38422 -3.774285530446575e-10 5.091991539122874e-20 0 28.4958057
60.00099997108689 1.45968 0.38422 -3.776177392649761e-10 5.651887552818688e-20 0 31.7071781
60.0010001486567 1.45968 0.38422 -3.776177392649761e-10 5.651887552818688e-20 0 8.73696423
60.00099997108689 1.45968 0.38422 -3.775862082282563e-10 5.651887552818688e-20 0 39.3934326
60.0010001486567 1.45968 0.38422 -3.775862082282563e-10 5.651887552818688e-20 0 9.32657433
60.00099997108689 1.45968 0.38422 -3.775546771915365e-10 5.651887552818688e-20 0 55.6483269
60.0010001486567 1.45968 0.38422 -3.775546771915365e-10 5.651887552818688e-20 0 7.41477156
60.00099997108689 1.45968 0.38422 -3.775231461548168e-10 5.651887552818688e-20 0 71.5680771
60.0010001486567 1.45968 0.38422 -3.775231461548168e-10 5.651887552818688e-20 0 3.71496773
60.00099997108689 1.45968 0.38422 -3.77491615118097e-10 5.651887552818688e-20 0 74.152153
60.0010001486567 1.45968 0.38422 -3.77491615118097e-10 5.651887552818688e-20 0 3.99153233
60.00099997108689 1.45968 0.38422 -3.774600840813772e-10 5.651887552818688e-20 0 59.3551712
60.0010001486567 1.45968 0.38422 -3.774600840813772e-10 5.651887552818688e-20 0 12.6543007
60.00099997108689 1.45968 0.38422 -3.774285530446575e-10 5.651887552818688e-20 0 36.8937416
60.0010001486567 1.45968 0.38422 -3.774285530446575e-10 5.651887552818688e-20 0 26.0765266
60.00099997108689 1.45968 0.38422 -3.776177392649761e-10 6.211783566514502e-20 0 31.9400082
60.0010001486567 1.45968 0.38422 -3.776177392649761e-10 6.211783566514502e-20 0 8.22205544
60.00099997108689 1.45968 0.38422 -3.775862082282563e-10 6.211783566514502e-20 0 37.5299339
60.0010001486567 1.45968 0.38422 -3.775862082282563e-10 6.211783566514502e-20 0 8.88654995
60.00099997108689 1.45968 0.38422 -3.775546771915365e-10 6.211783566514502e-20 0 52.0225334
60.0010001486567 1.45968 0.38422 -3.775546771915365e-10 6.211783566514502e-20 0 7.7074914
60.00099997108689 1.45968 0.38422 -3.775231461548168e-10 6.211783566514502e-20 0 68.8122711
60.0010001486567 1.45968 0.38422 -3.775231461548168e-10 6.211783566514502e-20 0 4.21972847
60.00099997108689 1.45968 0.38422 -3.77491615118097e-10 6.211783566514502e-20 0 74.7907181
60.0010001486567 1.45968 0.38422 -3.77491615118097e-10 6.211783566514502e-20 0 3.35236073
60.00099997108689 1.45968 0.38422 -3.774600840813772e-10 6.211783566514502e-20 0 63.1392326
60.0010001486567 1.45968 0.38422 -3.774600840813772e-10 6.211783566514502e-20 0 10.3793983
60.00099997108689 1.45968 0.38422 -3.774285530446575e-10 6.211783566514502e-20 0 40.9544334
60.0010001486567 1.45968 0.38422 -3.774285530446575e-10 6.211783566514502e-20 0 23.4990959
60.00099997108689 1.45968 0.38422 -3.776177392649761e-10 6.771679580210317e-20 0 32.4234238
60.0010001486567 1.45968 0.38422 -3.776177392649761e-10 6.771679580210317e-20 0 7.82055044
60.00099997108689 1.45968 0.38422 -3.775862082282563e-10 6.771679580210317e-20 0 36.193367
60.0010001486567 1.45968 0.38422 -3.775862082282563e-10 6.771679580210317e-20 0 8.3649416
60.00099997108689 1.45968 0.38422 -3.775546771915365e-10 6.771679580210317e-20 0 48.6335869
60.0010001486567 1.45968 0.38422 -3.775546771915365e-10 6.771679580210317e-20 0 7.82746172
60.00099997108689 1.45968 0.38422 -3.775231461548168e-10 6.771679580210317e-20 0 65.608902
60.0010001486567 1.45968 0.38422 -3.775231461548168e-10 6.771679580210317e-20 0 4.75099611
60.00099997108689 1.45968 0.38422 -3.77491615118097e-10 6.771679580210317e-20 0 74.5823593
60.0010001486567 1.45968 0.38422 -3.77491615118097e-10 6.771679580210317e-20 0 3.02203703
60.00099997108689 1.45968 0.38422 -3.774600840813772e-10 6.771679580210317e-20 0 66.3967285
60.0010001486567 1.45968 0.38422 -3.774600840813772e-10 6.771679580210317e-20 0 8.3988533
60.00099997108689 1.45968 0.38422 -3.774285530446575e-10 6.771679580210317e-20 0 45.2067795
60.0010001486567 1.45968 0.38422 -3.774285530446575e-10 6.771679580210317e-20 0 20.8485222
60.00099997108689 1.45968 0.38422 -3.776177392649761e-10 7.331575593906131e-20 0 33.0535011
60.0010001486567 1.45968 0.38422 -3.776177392649761e-10 7.331575593906131e-20 0 7.55355835
60.00099997108689 1.45968 0.38422 -3.775862082282563e-10 7.331575593906131e-20 0 35.3588104
60.0010001486567 1.45968 0.38422 -3.775862082282563e-10 7.331575593906131e-20 0 7.80916834
60.00099997108689 1.45968 0.38422 -3.775546771915365e-10 7.331575593906131e-20 0 45.5967331
60.0010001486567 1.45968 0.38422 -3.775546771915365e-10 7.331575593906131e-20 0 7.77819681
60.00099997108689 1.45968 0.38422 -3.775231461548168e-10 7.331575593906131e-20 0 62.1146584
60.0010001486567 1.45968 0.38422 -3.775231461548168e-10 7.331575593906131e-20 0 5.25136089
60.00099997108689 1.45968 0.38422 -3.77491615118097e-10 7.331575593906131e-20 0 73.563446
60.0010001486567 1.45968 0.38422 -3.77491615118097e-10 7.331575593906131e-20 0 2.95188308
60.00099997108689 1.45968 0.38422 -3.774600840813772e-10 7.331575593906131e-20 0 69.0028992
60.0010001486567 1.45968 0.38422 -3.774600840813772e-10 7.331575593906131e-20 0 6.74322176
60.00099997108689 1.45968 0.38422 -3.774285530446575e-10 7.331575593906131e-20 0 49.4940376
60.0010001486567 1.45968 0.38422 -3.774285530446575e-10 7.331575593906131e-20 0 18.2093563
60.00099997108689 1.45968 0.38422 -3.776177392649761e-10 7.891471607601946e-20 0 33.7275429
60.0010001486567 1.45968 0.38422 -3.776177392649761e-10 7.891471607601946e-20 0 7.42937469
60.00099997108689 1.45968 0.38422 -3.775862082282563e-10 7.891471607601946e-20 0 34.9728241
60.0010001486567 1.45968 0.38422 -3.775862082282563e-10 7.891471607601946e-20 0 7.26507568
60.00099997108689 1.45968 0.38422 -3.775546771915365e-10 7.891471607601946e-20 0 42.9981422
60.0010001486567 1.45968 0.38422 -3.775546771915365e-10 7.891471607601946e-20 0 7.57651806
60.00099997108689 1.45968 0.38422 -3.775231461548168e-10 7.891471607601946e-20 0 58.4913521
60.0010001486567 1.45968 0.38422 -3.775231461548168e-10 7.891471607601946e-20 0 5.67402458
60.00099997108689 1.45968 0.38422 -3.77491615118097e-10 7.891471607601946e-20 0 71.8077393
60.0010001486567 1.45968 0.38422 -3.77491615118097e-10 7.891471607601946e-20 0 3.08543825
60.00099997108689 1.45968 0.38422 -3.774600840813772e-10 7.891471607601946e-20 0 70.8636551
60.0010001486567 1.45968 0.38422 -3.774600840813772e-10 7.891471607601946e-20 0 5.42539692
60.00099997108689 1.45968 0.38422 -3.774285530446575e-10 7.891471607601946e-20 0 53.6522675
60.0010001486567 1.45968 0.38422 -3.774285530446575e-10 7.891471607601946e-20 0 15.661334
60.00099997108689 1.45968 0.38422 -3.776177392649761e-10 8.45136762129776e-20 0 34.3508415
60.0010001486567 1.45968 0.38422 -3.776177392649761e-10 8.45136762129776e-20 0 7.44368553
60.00099997108689 1.45968 0.38422 -3.775862082282563e-10 8.45136762129776e-20 0 34.9590034
60.0010001486567 1.45968 0.38422 -3.775862082282563e-10 8.45136762129776e-20 0 6.77349949
60.00099997108689 1.45968 0.38422 -3.775546771915365e-10 8.45136762129776e-20 0 40.8910179
60.0010001486567 1.45968 0.38422 -3.775546771915365e-10 8.45136762129776e-20 0 7.24988222
60.00099997108689 1.45968 0.38422 -3.775231461548168e-10 8.45136762129776e-20 0 54.8961334
60.0010001486567 1.45968 0.38422 -3.775231461548168e-10 8.45136762129776e-20 0 5.98477459
60.00099997108689 1.45968 0.38422 -3.77491615118097e-10 8.45136762129776e-20 0 69.421463
60.0010001486567 1.45968 0.38422 -3.77491615118097e-10 8.45136762129776e-20 0 3.36253119
60.00099997108689 1.45968 0.38422 -3.774600840813772e-10 8.45136762129776e-20 0 71.9215164
60.0010001486567 1.45968 0.38422 -3.774600840813772e-10 8.45136762129776e-20 0 4.4412117
60.00099997108689 1.45968 0.38422 -3.774285530446575e-10 8.45136762129776e-20 0 57.5196571
60.0010001486567 1.45968 0.38422 -3.774285530446575e-10 8.45136762129776e-20 0 13.2755842
60.00099997108689 1.45968 0.38422 -3.776177392649761e-10 9.011263634993575e-20 0 34.8429794
60.0010001486567 1.45968 0.38422 -3.776177392649761e-10 9.011263634993575e-20 0 7.58089447
60.00099997108689 1.45968 0.38422 -3.775862082282563e-10 9.011263634993575e-20 0 35.2246628
60.0010001486567 1.45968 0.38422 -3.775862082282563e-10 9.011263634993575e-20 0 6.36741114
60.00099997108689 1.45968 0.38422 -3.775546771915365e-10 9.011263634993575e-20 0 39.2945747
60.0010001486567 1.45968 0.38422 -3.775546771915365e-10 9.011263634993575e-20 0 6.83332396
60.00099997108689 1.45968 0.38422 -3.775231461548168e-10 9.011263634993575e-20 0 51.4725533
60.0010001486567 1.45968 0.38422 -3.775231461548168e-10 9.011263634993575e-20 0 6.16297293
60.00099997108689 1.45968 0.38422 -3.77491615118097e-10 9.011263634993575e-20 0 66.5360718
60.0010001486567 1.45968 0.38422 -3.77491615118097e-10 9.011263634993575e-20 0 3.7232914
60.00099997108689 1.45968 0.38422 -3.774600840813772e-10 9.011263634993575e-20 0 72.1570358
60.0010001486567 1.45968 0.38422 -3.774600840813772e-10 9.011263634993575e-20 0 3.77101111
60.00099997108689 1.45968 0.38422 -3.774285530446575e-10 9.011263634993575e-20 0 60.9460449
60.0010001486567 1.45968 0.38422 -3.774285530446575e-10 9.011263634993575e-20 0 11.1113997
%DONE
