%% cmdline: /home/m206265/.local/bin/lalapps_ComputeFstatistic_v2 --Alpha=1.45968 --Delta=0.38422 --Freq=60.001 --f1dot=-3.806881036719772e-10 --f2dot=1.1147e-20 --f1dotBand=6.306207343954365e-12 --df1dot=3.153103671977183e-14 --DataFiles="/home/m206265/lalapps_work/SFTinjnoise/*.sft" --refTime=1171754150 --outputFstat="/home/m206265/lalapps_work/Fstat_noise_f1band.txt" --FstatMethod=DemodSSE
%% LAL: 7.1.5 (UNCLEAN 53aa4afe025550f99f1042f83420085e09e6a5fc)
%% LALFrame: 1.6.0 (UNCLEAN 53aa4afe025550f99f1042f83420085e09e6a5fc)
%% LALMetaIO: 2.1.0 (UNCLEAN 53aa4afe025550f99f1042f83420085e09e6a5fc)
%% LALSimulation: 3.1.0 (UNCLEAN 53aa4afe025550f99f1042f83420085e09e6a5fc)
%% LALBurst: 1.5.10 (UNCLEAN 53aa4afe025550f99f1042f83420085e09e6a5fc)
%% LALInspiral: 2.0.4 (UNCLEAN 53aa4afe025550f99f1042f83420085e09e6a5fc)
%% LALPulsar: 3.1.1 (UNCLEAN 53aa4afe025550f99f1042f83420085e09e6a5fc)
%% LALInference: 3.0.1 (UNCLEAN 53aa4afe025550f99f1042f83420085e09e6a5fc)
%% LALApps: 7.4.0 (UNCLEAN 53aa4afe025550f99f1042f83420085e09e6a5fc)
%% FstatMethod used: 'DemodSSE'
%% Started search: 2022-02-18 19:41:00.7945
%% Loaded SFTs: [ H1:2159, L1:1948 ]
%% GPS starttime         = 1167983370 (Mon Jan  9 07:49:12 2017 GMT)
%% Total time spanned    = 5631588 s (1564.33 hours)
%% Pulsar-params refTime = 1171754150
%% Spin-range at refTime: fkdot = [ 60.001:60.001, -3.806881036719772e-10:-3.743818963280228e-10, 1.1147e-20:1.1147e-20, 0:0, 0:0, 0:0, 0:0 ]
%% columns:
%% freq alpha delta f1dot f2dot f3dot 2F
60.001 1.45968 0.38422 -3.806881036719772e-10 1.1147e-20 0 1.10128069
60.001 1.45968 0.38422 -3.806565726352574e-10 1.1147e-20 0 2.3139677
60.001 1.45968 0.38422 -3.806250415985376e-10 1.1147e-20 0 4.32213736
60.001 1.45968 0.38422 -3.805935105618179e-10 1.1147e-20 0 4.80867147
60.001 1.45968 0.38422 -3.805619795250981e-10 1.1147e-20 0 3.67976141
60.001 1.45968 0.38422 -3.805304484883783e-10 1.1147e-20 0 2.33931804
60.001 1.45968 0.38422 -3.804989174516585e-10 1.1147e-20 0 1.85391414
60.001 1.45968 0.38422 -3.804673864149388e-10 1.1147e-20 0 2.09239602
60.001 1.45968 0.38422 -3.80435855378219e-10 1.1147e-20 0 2.24722624
60.001 1.45968 0.38422 -3.804043243414992e-10 1.1147e-20 0 1.81997776
60.001 1.45968 0.38422 -3.803727933047795e-10 1.1147e-20 0 1.14508867
60.001 1.45968 0.38422 -3.803412622680597e-10 1.1147e-20 0 1.08208454
60.001 1.45968 0.38422 -3.803097312313399e-10 1.1147e-20 0 2.08309007
60.001 1.45968 0.38422 -3.802782001946201e-10 1.1147e-20 0 3.46434474
60.001 1.45968 0.38422 -3.802466691579004e-10 1.1147e-20 0 3.84902477
60.001 1.45968 0.38422 -3.802151381211806e-10 1.1147e-20 0 2.65058494
60.001 1.45968 0.38422 -3.801836070844608e-10 1.1147e-20 0 0.973800719
60.001 1.45968 0.38422 -3.80152076047741e-10 1.1147e-20 0 0.599639893
60.001 1.45968 0.38422 -3.801205450110213e-10 1.1147e-20 0 1.97112596
60.001 1.45968 0.38422 -3.800890139743015e-10 1.1147e-20 0 3.62763119
60.001 1.45968 0.38422 -3.800574829375817e-10 1.1147e-20 0 3.94347548
60.001 1.45968 0.38422 -3.80025951900862e-10 1.1147e-20 0 3.06484294
60.001 1.45968 0.38422 -3.799944208641422e-10 1.1147e-20 0 2.58037424
60.001 1.45968 0.38422 -3.799628898274224e-10 1.1147e-20 0 3.39994216
60.001 1.45968 0.38422 -3.799313587907026e-10 1.1147e-20 0 4.65231609
60.001 1.45968 0.38422 -3.798998277539829e-10 1.1147e-20 0 4.95551252
60.001 1.45968 0.38422 -3.798682967172631e-10 1.1147e-20 0 4.20129967
60.001 1.45968 0.38422 -3.798367656805433e-10 1.1147e-20 0 3.46102452
60.001 1.45968 0.38422 -3.798052346438236e-10 1.1147e-20 0 3.36470294
60.001 1.45968 0.38422 -3.797737036071038e-10 1.1147e-20 0 3.3393929
60.001 1.45968 0.38422 -3.79742172570384e-10 1.1147e-20 0 2.64082623
60.001 1.45968 0.38422 -3.797106415336642e-10 1.1147e-20 0 1.54100502
60.001 1.45968 0.38422 -3.796791104969445e-10 1.1147e-20 0 1.01632023
60.001 1.45968 0.38422 -3.796475794602247e-10 1.1147e-20 0 1.56342959
60.001 1.45968 0.38422 -3.796160484235049e-10 1.1147e-20 0 2.83334303
60.001 1.45968 0.38422 -3.795845173867851e-10 1.1147e-20 0 4.29377127
60.001 1.45968 0.38422 -3.795529863500654e-10 1.1147e-20 0 5.68729496
60.001 1.45968 0.38422 -3.795214553133456e-10 1.1147e-20 0 6.78678274
60.001 1.45968 0.38422 -3.794899242766258e-10 1.1147e-20 0 7.2993083
60.001 1.45968 0.38422 -3.794583932399061e-10 1.1147e-20 0 7.34451389
60.001 1.45968 0.38422 -3.794268622031863e-10 1.1147e-20 0 7.54083252
60.001 1.45968 0.38422 -3.793953311664665e-10 1.1147e-20 0 8.07224369
60.001 1.45968 0.38422 -3.793638001297467e-10 1.1147e-20 0 7.96303272
60.001 1.45968 0.38422 -3.79332269093027e-10 1.1147e-20 0 6.08400011
60.001 1.45968 0.38422 -3.793007380563072e-10 1.1147e-20 0 3.0138905
60.001 1.45968 0.38422 -3.792692070195874e-10 1.1147e-20 0 1.14140654
60.001 1.45968 0.38422 -3.792376759828676e-10 1.1147e-20 0 2.29697466
60.001 1.45968 0.38422 -3.792061449461479e-10 1.1147e-20 0 5.57852936
60.001 1.45968 0.38422 -3.791746139094281e-10 1.1147e-20 0 8.12458229
60.001 1.45968 0.38422 -3.791430828727083e-10 1.1147e-20 0 7.98706913
60.001 1.45968 0.38422 -3.791115518359886e-10 1.1147e-20 0 5.72922039
60.001 1.45968 0.38422 -3.790800207992688e-10 1.1147e-20 0 3.22818971
60.001 1.45968 0.38422 -3.79048489762549e-10 1.1147e-20 0 1.66294765
60.001 1.45968 0.38422 -3.790169587258292e-10 1.1147e-20 0 1.10132456
60.001 1.45968 0.38422 -3.789854276891095e-10 1.1147e-20 0 1.41976666
60.001 1.45968 0.38422 -3.789538966523897e-10 1.1147e-20 0 2.65126681
60.001 1.45968 0.38422 -3.789223656156699e-10 1.1147e-20 0 4.34929276
60.001 1.45968 0.38422 -3.788908345789501e-10 1.1147e-20 0 5.42331171
60.001 1.45968 0.38422 -3.788593035422304e-10 1.1147e-20 0 5.17428303
60.001 1.45968 0.38422 -3.788277725055106e-10 1.1147e-20 0 4.22082043
60.001 1.45968 0.38422 -3.787962414687908e-10 1.1147e-20 0 3.89999866
60.001 1.45968 0.38422 -3.787647104320711e-10 1.1147e-20 0 4.78181124
60.001 1.45968 0.38422 -3.787331793953513e-10 1.1147e-20 0 6.09838772
60.001 1.45968 0.38422 -3.787016483586315e-10 1.1147e-20 0 6.63585997
60.001 1.45968 0.38422 -3.786701173219117e-10 1.1147e-20 0 5.88315678
60.001 1.45968 0.38422 -3.78638586285192e-10 1.1147e-20 0 4.29261255
60.001 1.45968 0.38422 -3.786070552484722e-10 1.1147e-20 0 2.79288769
60.001 1.45968 0.38422 -3.785755242117524e-10 1.1147e-20 0 2.21777034
60.001 1.45968 0.38422 -3.785439931750326e-10 1.1147e-20 0 2.84497523
60.001 1.45968 0.38422 -3.785124621383129e-10 1.1147e-20 0 4.09371567
60.001 1.45968 0.38422 -3.784809311015931e-10 1.1147e-20 0 4.79331541
60.001 1.45968 0.38422 -3.784494000648733e-10 1.1147e-20 0 4.17294979
60.001 1.45968 0.38422 -3.784178690281536e-10 1.1147e-20 0 2.68412566
60.001 1.45968 0.38422 -3.783863379914338e-10 1.1147e-20 0 1.58430004
60.001 1.45968 0.38422 -3.78354806954714e-10 1.1147e-20 0 1.58223021
60.001 1.45968 0.38422 -3.783232759179942e-10 1.1147e-20 0 2.10551906
60.001 1.45968 0.38422 -3.782917448812745e-10 1.1147e-20 0 2.06600404
60.001 1.45968 0.38422 -3.782602138445547e-10 1.1147e-20 0 1.20637977
60.001 1.45968 0.38422 -3.782286828078349e-10 1.1147e-20 0 0.53132081
60.001 1.45968 0.38422 -3.781971517711152e-10 1.1147e-20 0 1.46110058
60.001 1.45968 0.38422 -3.781656207343954e-10 1.1147e-20 0 4.5435667
60.001 1.45968 0.38422 -3.781340896976756e-10 1.1147e-20 0 8.71881676
60.001 1.45968 0.38422 -3.781025586609558e-10 1.1147e-20 0 11.76859
60.001 1.45968 0.38422 -3.780710276242361e-10 1.1147e-20 0 12.0581341
60.001 1.45968 0.38422 -3.780394965875163e-10 1.1147e-20 0 10.4839869
60.001 1.45968 0.38422 -3.780079655507965e-10 1.1147e-20 0 10.35672
60.001 1.45968 0.38422 -3.779764345140767e-10 1.1147e-20 0 14.1887102
60.001 1.45968 0.38422 -3.77944903477357e-10 1.1147e-20 0 20.1595249
60.001 1.45968 0.38422 -3.779133724406372e-10 1.1147e-20 0 22.9360046
60.001 1.45968 0.38422 -3.778818414039174e-10 1.1147e-20 0 19.3371487
60.001 1.45968 0.38422 -3.778503103671977e-10 1.1147e-20 0 12.7647219
60.001 1.45968 0.38422 -3.778187793304779e-10 1.1147e-20 0 10.2170734
60.001 1.45968 0.38422 -3.777872482937581e-10 1.1147e-20 0 14.2657375
60.001 1.45968 0.38422 -3.777557172570383e-10 1.1147e-20 0 19.737606
60.001 1.45968 0.38422 -3.777241862203186e-10 1.1147e-20 0 20.3049908
60.001 1.45968 0.38422 -3.776926551835988e-10 1.1147e-20 0 17.7441807
60.001 1.45968 0.38422 -3.77661124146879e-10 1.1147e-20 0 21.8904533
60.001 1.45968 0.38422 -3.776295931101592e-10 1.1147e-20 0 39.747364
60.001 1.45968 0.38422 -3.775980620734395e-10 1.1147e-20 0 65.8572464
60.001 1.45968 0.38422 -3.775665310367197e-10 1.1147e-20 0 85.552887
60.001 1.45968 0.38422 -3.775349999999999e-10 1.1147e-20 0 88.0199432
60.001 1.45968 0.38422 -3.775034689632802e-10 1.1147e-20 0 74.9949036
60.001 1.45968 0.38422 -3.774719379265604e-10 1.1147e-20 0 56.7029762
60.001 1.45968 0.38422 -3.774404068898406e-10 1.1147e-20 0 41.4098854
60.001 1.45968 0.38422 -3.774088758531208e-10 1.1147e-20 0 30.4568024
60.001 1.45968 0.38422 -3.773773448164011e-10 1.1147e-20 0 21.8715649
60.001 1.45968 0.38422 -3.773458137796813e-10 1.1147e-20 0 15.3623896
60.001 1.45968 0.38422 -3.773142827429615e-10 1.1147e-20 0 12.2302256
60.001 1.45968 0.38422 -3.772827517062417e-10 1.1147e-20 0 12.1370926
60.001 1.45968 0.38422 -3.77251220669522e-10 1.1147e-20 0 12.4350739
60.001 1.45968 0.38422 -3.772196896328022e-10 1.1147e-20 0 10.9980011
60.001 1.45968 0.38422 -3.771881585960824e-10 1.1147e-20 0 8.32210827
60.001 1.45968 0.38422 -3.771566275593627e-10 1.1147e-20 0 6.21255636
60.001 1.45968 0.38422 -3.771250965226429e-10 1.1147e-20 0 5.3592782
60.001 1.45968 0.38422 -3.770935654859231e-10 1.1147e-20 0 5.07284832
60.001 1.45968 0.38422 -3.770620344492033e-10 1.1147e-20 0 4.81353092
60.001 1.45968 0.38422 -3.770305034124836e-10 1.1147e-20 0 4.81846666
60.001 1.45968 0.38422 -3.769989723757638e-10 1.1147e-20 0 5.14488697
60.001 1.45968 0.38422 -3.76967441339044e-10 1.1147e-20 0 5.06767511
60.001 1.45968 0.38422 -3.769359103023242e-10 1.1147e-20 0 3.98137546
60.001 1.45968 0.38422 -3.769043792656045e-10 1.1147e-20 0 2.44382787
60.001 1.45968 0.38422 -3.768728482288847e-10 1.1147e-20 0 1.7439642
60.001 1.45968 0.38422 -3.768413171921649e-10 1.1147e-20 0 2.55569386
60.001 1.45968 0.38422 -3.768097861554452e-10 1.1147e-20 0 4.36083269
60.001 1.45968 0.38422 -3.767782551187254e-10 1.1147e-20 0 6.04242086
60.001 1.45968 0.38422 -3.767467240820056e-10 1.1147e-20 0 6.66895103
60.001 1.45968 0.38422 -3.767151930452858e-10 1.1147e-20 0 5.89177275
60.001 1.45968 0.38422 -3.766836620085661e-10 1.1147e-20 0 4.19304705
60.001 1.45968 0.38422 -3.766521309718463e-10 1.1147e-20 0 2.85751987
60.001 1.45968 0.38422 -3.766205999351265e-10 1.1147e-20 0 3.06739521
60.001 1.45968 0.38422 -3.765890688984068e-10 1.1147e-20 0 4.58896399
60.001 1.45968 0.38422 -3.76557537861687e-10 1.1147e-20 0 5.74329472
60.001 1.45968 0.38422 -3.765260068249672e-10 1.1147e-20 0 5.23692751
60.001 1.45968 0.38422 -3.764944757882474e-10 1.1147e-20 0 3.80297613
60.001 1.45968 0.38422 -3.764629447515277e-10 1.1147e-20 0 3.36455393
60.001 1.45968 0.38422 -3.764314137148079e-10 1.1147e-20 0 4.56533337
60.001 1.45968 0.38422 -3.763998826780881e-10 1.1147e-20 0 5.90603113
60.001 1.45968 0.38422 -3.763683516413683e-10 1.1147e-20 0 5.73064709
60.001 1.45968 0.38422 -3.763368206046486e-10 1.1147e-20 0 4.41717434
60.001 1.45968 0.38422 -3.763052895679288e-10 1.1147e-20 0 3.80529666
60.001 1.45968 0.38422 -3.76273758531209e-10 1.1147e-20 0 4.69118929
60.001 1.45968 0.38422 -3.762422274944893e-10 1.1147e-20 0 5.81166458
60.001 1.45968 0.38422 -3.762106964577695e-10 1.1147e-20 0 5.56643057
60.001 1.45968 0.38422 -3.761791654210497e-10 1.1147e-20 0 3.99581814
60.001 1.45968 0.38422 -3.761476343843299e-10 1.1147e-20 0 2.47680521
60.001 1.45968 0.38422 -3.761161033476102e-10 1.1147e-20 0 1.918769
60.001 1.45968 0.38422 -3.760845723108904e-10 1.1147e-20 0 1.99904764
60.001 1.45968 0.38422 -3.760530412741706e-10 1.1147e-20 0 2.04396939
60.001 1.45968 0.38422 -3.760215102374508e-10 1.1147e-20 0 1.87693048
60.001 1.45968 0.38422 -3.759899792007311e-10 1.1147e-20 0 1.61170781
60.001 1.45968 0.38422 -3.759584481640113e-10 1.1147e-20 0 1.30939496
60.001 1.45968 0.38422 -3.759269171272915e-10 1.1147e-20 0 1.29602993
60.001 1.45968 0.38422 -3.758953860905718e-10 1.1147e-20 0 2.25033569
60.001 1.45968 0.38422 -3.75863855053852e-10 1.1147e-20 0 4.23307657
60.001 1.45968 0.38422 -3.758323240171322e-10 1.1147e-20 0 5.8935318
60.001 1.45968 0.38422 -3.758007929804124e-10 1.1147e-20 0 5.57414865
60.001 1.45968 0.38422 -3.757692619436927e-10 1.1147e-20 0 3.43755174
60.001 1.45968 0.38422 -3.757377309069729e-10 1.1147e-20 0 1.69979703
60.001 1.45968 0.38422 -3.757061998702531e-10 1.1147e-20 0 2.17170191
60.001 1.45968 0.38422 -3.756746688335333e-10 1.1147e-20 0 4.06669378
60.001 1.45968 0.38422 -3.756431377968136e-10 1.1147e-20 0 5.00567341
60.001 1.45968 0.38422 -3.756116067600938e-10 1.1147e-20 0 3.95871758
60.001 1.45968 0.38422 -3.75580075723374e-10 1.1147e-20 0 2.26842046
60.001 1.45968 0.38422 -3.755485446866543e-10 1.1147e-20 0 1.61417878
60.001 1.45968 0.38422 -3.755170136499345e-10 1.1147e-20 0 1.95246613
60.001 1.45968 0.38422 -3.754854826132147e-10 1.1147e-20 0 2.19714665
60.001 1.45968 0.38422 -3.754539515764949e-10 1.1147e-20 0 2.2845335
60.001 1.45968 0.38422 -3.754224205397752e-10 1.1147e-20 0 3.34336829
60.001 1.45968 0.38422 -3.753908895030554e-10 1.1147e-20 0 5.68786526
60.001 1.45968 0.38422 -3.753593584663356e-10 1.1147e-20 0 7.70608234
60.001 1.45968 0.38422 -3.753278274296158e-10 1.1147e-20 0 7.49820852
60.001 1.45968 0.38422 -3.752962963928961e-10 1.1147e-20 0 5.17455673
60.001 1.45968 0.38422 -3.752647653561763e-10 1.1147e-20 0 2.77343917
60.001 1.45968 0.38422 -3.752332343194565e-10 1.1147e-20 0 2.02973461
60.001 1.45968 0.38422 -3.752017032827368e-10 1.1147e-20 0 2.92972994
60.001 1.45968 0.38422 -3.75170172246017e-10 1.1147e-20 0 4.49233198
60.001 1.45968 0.38422 -3.751386412092972e-10 1.1147e-20 0 6.10416079
60.001 1.45968 0.38422 -3.751071101725774e-10 1.1147e-20 0 7.50166416
60.001 1.45968 0.38422 -3.750755791358577e-10 1.1147e-20 0 8.00662041
60.001 1.45968 0.38422 -3.750440480991379e-10 1.1147e-20 0 6.78875732
60.001 1.45968 0.38422 -3.750125170624181e-10 1.1147e-20 0 4.0710063
60.001 1.45968 0.38422 -3.749809860256984e-10 1.1147e-20 0 1.38880813
60.001 1.45968 0.38422 -3.749494549889786e-10 1.1147e-20 0 0.163713783
60.001 1.45968 0.38422 -3.749179239522588e-10 1.1147e-20 0 0.291143477
60.001 1.45968 0.38422 -3.74886392915539e-10 1.1147e-20 0 0.581003308
60.001 1.45968 0.38422 -3.748548618788193e-10 1.1147e-20 0 0.457347184
60.001 1.45968 0.38422 -3.748233308420995e-10 1.1147e-20 0 0.713392854
60.001 1.45968 0.38422 -3.747917998053797e-10 1.1147e-20 0 2.41817927
60.001 1.45968 0.38422 -3.747602687686599e-10 1.1147e-20 0 5.39589882
60.001 1.45968 0.38422 -3.747287377319402e-10 1.1147e-20 0 8.08391476
60.001 1.45968 0.38422 -3.746972066952204e-10 1.1147e-20 0 8.85848141
60.001 1.45968 0.38422 -3.746656756585006e-10 1.1147e-20 0 7.41035175
60.001 1.45968 0.38422 -3.746341446217809e-10 1.1147e-20 0 4.94565296
60.001 1.45968 0.38422 -3.746026135850611e-10 1.1147e-20 0 3.18425941
60.001 1.45968 0.38422 -3.745710825483413e-10 1.1147e-20 0 3.02776313
60.001 1.45968 0.38422 -3.745395515116215e-10 1.1147e-20 0 3.91578841
60.001 1.45968 0.38422 -3.745080204749018e-10 1.1147e-20 0 4.40894938
60.001 1.45968 0.38422 -3.74476489438182e-10 1.1147e-20 0 3.58022642
60.001 1.45968 0.38422 -3.744449584014622e-10 1.1147e-20 0 1.96122777
60.001 1.45968 0.38422 -3.744134273647424e-10 1.1147e-20 0 1.02468288
%DONE
