%% LAL: 7.1.5 (UNCLEAN 53aa4afe025550f99f1042f83420085e09e6a5fc)
%% LALFrame: 1.6.0 (UNCLEAN 53aa4afe025550f99f1042f83420085e09e6a5fc)
%% LALMetaIO: 2.1.0 (UNCLEAN 53aa4afe025550f99f1042f83420085e09e6a5fc)
%% LALSimulation: 3.1.0 (UNCLEAN 53aa4afe025550f99f1042f83420085e09e6a5fc)
%% LALBurst: 1.5.10 (UNCLEAN 53aa4afe025550f99f1042f83420085e09e6a5fc)
%% LALInspiral: 2.0.4 (UNCLEAN 53aa4afe025550f99f1042f83420085e09e6a5fc)
%% LALPulsar: 3.1.1 (UNCLEAN 53aa4afe025550f99f1042f83420085e09e6a5fc)
%% LALInference: 3.0.1 (UNCLEAN 53aa4afe025550f99f1042f83420085e09e6a5fc)
%% LALApps: 7.4.0 (UNCLEAN 53aa4afe025550f99f1042f83420085e09e6a5fc)
%% argv[0]: '/home/m206265/.local/bin/lalapps_ComputePSD'
%% argv[1]: '--inputData=/home/m206265/lalapps_work/J0058-7218/result/SFTs/SFT_noise/*.sft'
%% argv[2]: '--outputPSD=/home/m206265/lalapps_work/J0058-7218/result/H1-SpectralDensity-J0058-O2_1-gensft-nowings'
%% argv[3]: '--Freq=61.1899123716'
%% argv[4]: '--FreqBand=0.114'
%% argv[5]: '--startTime=1168034371.0'
%% argv[6]: '--endTime=1173536644.0'
%% argv[7]: '--timeStampsFile=/home/m206265/lalapps_work/J0058-7218/data/timestamps/O2_1_H1_tslist.txt'
%% argv[8]: '--IFO=H1'
%% argv[9]: '-S'
%% argv[10]: '4'
%% columns:
%% FreqBinStart PSD
61.189444   5.535577e-05
61.190000   5.537121e-05
61.190556   5.537944e-05
61.191111   5.537464e-05
61.191667   5.531698e-05
61.192222   5.535246e-05
61.192778   5.533101e-05
61.193333   5.535090e-05
61.193889   5.532469e-05
61.194444   5.528651e-05
61.195000   5.528414e-05
61.195556   5.530234e-05
61.196111   5.534076e-05
61.196667   5.533738e-05
61.197222   5.536610e-05
61.197778   5.537177e-05
61.198333   5.541236e-05
61.198889   5.536971e-05
61.199444   5.537065e-05
61.200000   5.531986e-05
61.200556   5.532108e-05
61.201111   5.531277e-05
61.201667   5.530315e-05
61.202222   5.532065e-05
61.202778   5.528316e-05
61.203333   5.533335e-05
61.203889   5.531453e-05
61.204444   5.532022e-05
61.205000   5.531168e-05
61.205556   5.525157e-05
61.206111   5.523918e-05
61.206667   5.524430e-05
61.207222   5.525135e-05
61.207778   5.531033e-05
61.208333   5.532256e-05
61.208889   5.524998e-05
61.209444   5.524687e-05
61.210000   5.525095e-05
61.210556   5.520064e-05
61.211111   5.524691e-05
61.211667   5.520385e-05
61.212222   5.519648e-05
61.212778   5.523329e-05
61.213333   5.524292e-05
61.213889   5.517093e-05
61.214444   5.518251e-05
61.215000   5.521923e-05
61.215556   5.521818e-05
61.216111   5.521248e-05
61.216667   5.524054e-05
61.217222   5.524520e-05
61.217778   5.525154e-05
61.218333   5.524328e-05
61.218889   5.522542e-05
61.219444   5.523190e-05
61.220000   5.522185e-05
61.220556   5.525893e-05
61.221111   5.519811e-05
61.221667   5.519465e-05
61.222222   5.522922e-05
61.222778   5.525438e-05
61.223333   5.526598e-05
61.223889   5.527732e-05
61.224444   5.526697e-05
61.225000   5.534077e-05
61.225556   5.534930e-05
61.226111   5.533437e-05
61.226667   5.538204e-05
61.227222   5.537449e-05
61.227778   5.542012e-05
61.228333   5.538622e-05
61.228889   5.530203e-05
61.229444   5.527342e-05
61.230000   5.524683e-05
61.230556   5.522618e-05
61.231111   5.529125e-05
61.231667   5.531189e-05
61.232222   5.531271e-05
61.232778   5.527436e-05
61.233333   5.530110e-05
61.233889   5.528934e-05
61.234444   5.528104e-05
61.235000   5.529847e-05
61.235556   5.528836e-05
61.236111   5.523383e-05
61.236667   5.519204e-05
61.237222   5.517151e-05
61.237778   5.517647e-05
61.238333   5.517861e-05
61.238889   5.520764e-05
61.239444   5.520865e-05
61.240000   5.519998e-05
61.240556   5.515582e-05
61.241111   5.510638e-05
61.241667   5.507549e-05
61.242222   5.509361e-05
61.242778   5.497993e-05
61.243333   5.496701e-05
61.243889   5.497391e-05
61.244444   5.498292e-05
61.245000   5.495273e-05
61.245556   5.500264e-05
61.246111   5.497791e-05
61.246667   5.495216e-05
61.247222   5.498325e-05
61.247778   5.496915e-05
61.248333   5.493949e-05
61.248889   5.499051e-05
61.249444   5.502075e-05
61.250000   5.500064e-05
61.250556   5.498289e-05
61.251111   5.504716e-05
61.251667   5.501709e-05
61.252222   5.507205e-05
61.252778   5.505527e-05
61.253333   5.505103e-05
61.253889   5.506090e-05
61.254444   5.510514e-05
61.255000   5.509636e-05
61.255556   5.512006e-05
61.256111   5.512802e-05
61.256667   5.517818e-05
61.257222   5.512894e-05
61.257778   5.515266e-05
61.258333   5.520078e-05
61.258889   5.520118e-05
61.259444   5.515760e-05
61.260000   5.519574e-05
61.260556   5.515874e-05
61.261111   5.517743e-05
61.261667   5.519356e-05
61.262222   5.525322e-05
61.262778   5.523733e-05
61.263333   5.519814e-05
61.263889   5.510657e-05
61.264444   5.510555e-05
61.265000   5.513935e-05
61.265556   5.511924e-05
61.266111   5.508361e-05
61.266667   5.504190e-05
61.267222   5.499126e-05
61.267778   5.496610e-05
61.268333   5.494624e-05
61.268889   5.497809e-05
61.269444   5.495995e-05
61.270000   5.496140e-05
61.270556   5.491396e-05
61.271111   5.493484e-05
61.271667   5.488489e-05
61.272222   5.494488e-05
61.272778   5.496931e-05
61.273333   5.496690e-05
61.273889   5.492640e-05
61.274444   5.497331e-05
61.275000   5.496253e-05
61.275556   5.495582e-05
61.276111   5.500323e-05
61.276667   5.496540e-05
61.277222   5.495471e-05
61.277778   5.497137e-05
61.278333   5.495680e-05
61.278889   5.496509e-05
61.279444   5.489060e-05
61.280000   5.489030e-05
61.280556   5.491167e-05
61.281111   5.484248e-05
61.281667   5.492551e-05
61.282222   5.498986e-05
61.282778   5.495180e-05
61.283333   5.495747e-05
61.283889   5.493786e-05
61.284444   5.493114e-05
61.285000   5.495715e-05
61.285556   5.494843e-05
61.286111   5.501530e-05
61.286667   5.499791e-05
61.287222   5.501822e-05
61.287778   5.497959e-05
61.288333   5.494622e-05
61.288889   5.493862e-05
61.289444   5.493051e-05
61.290000   5.490935e-05
61.290556   5.491094e-05
61.291111   5.493927e-05
61.291667   5.493350e-05
61.292222   5.497055e-05
61.292778   5.499498e-05
61.293333   5.500902e-05
61.293889   5.494870e-05
61.294444   5.496219e-05
61.295000   5.497649e-05
61.295556   5.493394e-05
61.296111   5.491298e-05
61.296667   5.496907e-05
61.297222   5.496690e-05
61.297778   5.494561e-05
61.298333   5.493389e-05
61.298889   5.491518e-05
61.299444   5.490227e-05
61.300000   5.491773e-05
61.300556   5.491220e-05
61.301111   5.494467e-05
61.301667   5.490837e-05
61.302222   5.486313e-05
61.302778   5.487453e-05
61.303333   5.486637e-05
61.303889   5.486940e-05
