%% LAL: 7.1.5 (UNCLEAN 53aa4afe025550f99f1042f83420085e09e6a5fc)
%% LALFrame: 1.6.0 (UNCLEAN 53aa4afe025550f99f1042f83420085e09e6a5fc)
%% LALMetaIO: 2.1.0 (UNCLEAN 53aa4afe025550f99f1042f83420085e09e6a5fc)
%% LALSimulation: 3.1.0 (UNCLEAN 53aa4afe025550f99f1042f83420085e09e6a5fc)
%% LALBurst: 1.5.10 (UNCLEAN 53aa4afe025550f99f1042f83420085e09e6a5fc)
%% LALInspiral: 2.0.4 (UNCLEAN 53aa4afe025550f99f1042f83420085e09e6a5fc)
%% LALPulsar: 3.1.1 (UNCLEAN 53aa4afe025550f99f1042f83420085e09e6a5fc)
%% LALInference: 3.0.1 (UNCLEAN 53aa4afe025550f99f1042f83420085e09e6a5fc)
%% LALApps: 7.4.0 (UNCLEAN 53aa4afe025550f99f1042f83420085e09e6a5fc)
%% argv[0]: '/home/m206265/.local/bin/lalapps_ComputePSD'
%% argv[1]: '--inputData=/home/m206265/lalapps_work/J0058-7218/result/SFTs/SFTinj_noise/*.sft'
%% argv[2]: '--outputPSD=/home/m206265/lalapps_work/J0058-7218/result/H1-SpectralDensity-J0058-O2_1-gensft-inj'
%% argv[3]: '--fStart=61.1899123716'
%% argv[4]: '--fBand=0.114'
%% argv[5]: '--startTime=1168034371.0'
%% argv[6]: '--endTime=1173536644.0'
%% argv[7]: '--timeStampsFile=/home/m206265/lalapps_work/J0058-7218/data/timestamps/O2_1_H1_tslist.txt'
%% argv[8]: '--IFO=H1'
%% argv[9]: '-S'
%% argv[10]: '4'
%% columns:
%% FreqBinStart PSD
61.189444   5.515323e-05
61.190000   5.515323e-05
61.190556   5.515323e-05
61.191111   5.515323e-05
61.191667   5.515323e-05
61.192222   5.515323e-05
61.192778   5.515323e-05
61.193333   5.515323e-05
61.193889   5.515323e-05
61.194444   5.515323e-05
61.195000   5.515323e-05
61.195556   5.515323e-05
61.196111   5.515323e-05
61.196667   5.515323e-05
61.197222   5.515323e-05
61.197778   5.515323e-05
61.198333   5.515323e-05
61.198889   5.515323e-05
61.199444   5.515323e-05
61.200000   5.515323e-05
61.200556   5.515323e-05
61.201111   5.515323e-05
61.201667   5.515323e-05
61.202222   5.515323e-05
61.202778   5.515323e-05
61.203333   5.515323e-05
61.203889   5.515323e-05
61.204444   5.515323e-05
61.205000   5.515323e-05
61.205556   5.515323e-05
61.206111   5.515323e-05
61.206667   5.515323e-05
61.207222   5.515323e-05
61.207778   5.515323e-05
61.208333   5.515323e-05
61.208889   5.515323e-05
61.209444   5.515323e-05
61.210000   5.515323e-05
61.210556   5.515323e-05
61.211111   5.515323e-05
61.211667   5.515323e-05
61.212222   5.515323e-05
61.212778   5.515323e-05
61.213333   5.515323e-05
61.213889   5.515323e-05
61.214444   5.515323e-05
61.215000   5.515323e-05
61.215556   5.515323e-05
61.216111   5.515323e-05
61.216667   5.515323e-05
61.217222   5.515323e-05
61.217778   5.530357e-05
61.218333   5.535690e-05
61.218889   5.535040e-05
61.219444   5.534906e-05
61.220000   5.534509e-05
61.220556   5.527379e-05
61.221111   5.530366e-05
61.221667   5.526525e-05
61.222222   5.528021e-05
61.222778   5.530429e-05
61.223333   5.531685e-05
61.223889   5.534813e-05
61.224444   5.535304e-05
61.225000   5.535971e-05
61.225556   5.540164e-05
61.226111   5.544583e-05
61.226667   5.547814e-05
61.227222   5.546202e-05
61.227778   5.540924e-05
61.228333   5.539995e-05
61.228889   5.539475e-05
61.229444   5.538244e-05
61.230000   5.540278e-05
61.230556   5.536325e-05
61.231111   5.538846e-05
61.231667   5.544850e-05
61.232222   5.545642e-05
61.232778   5.545618e-05
61.233333   5.542517e-05
61.233889   5.543222e-05
61.234444   5.546548e-05
61.235000   5.538088e-05
61.235556   5.538812e-05
61.236111   5.538445e-05
61.236667   5.537061e-05
61.237222   5.543066e-05
61.237778   5.538443e-05
61.238333   5.538972e-05
61.238889   5.539516e-05
61.239444   5.540459e-05
61.240000   5.539145e-05
61.240556   5.536920e-05
61.241111   5.538200e-05
61.241667   5.540324e-05
61.242222   5.536583e-05
61.242778   5.542077e-05
61.243333   5.541312e-05
61.243889   5.542065e-05
61.244444   5.542711e-05
61.245000   5.545213e-05
61.245556   5.543308e-05
61.246111   5.541766e-05
61.246667   5.547434e-05
61.247222   5.547081e-05
61.247778   5.547097e-05
61.248333   5.544226e-05
61.248889   5.549702e-05
61.249444   5.554251e-05
61.250000   5.558175e-05
61.250556   5.556611e-05
61.251111   5.555344e-05
61.251667   5.557063e-05
61.252222   5.557705e-05
61.252778   5.556063e-05
61.253333   5.558501e-05
61.253889   5.555276e-05
61.254444   5.556156e-05
61.255000   5.558309e-05
61.255556   5.559696e-05
61.256111   5.557068e-05
61.256667   5.555812e-05
61.257222   5.555264e-05
61.257778   5.552297e-05
61.258333   5.557709e-05
61.258889   5.559471e-05
61.259444   5.561431e-05
61.260000   5.560896e-05
61.260556   5.561005e-05
61.261111   5.560965e-05
61.261667   5.556300e-05
61.262222   5.557144e-05
61.262778   5.558496e-05
61.263333   5.559600e-05
61.263889   5.561632e-05
61.264444   5.559813e-05
61.265000   5.557699e-05
61.265556   5.557394e-05
61.266111   5.550326e-05
61.266667   5.548117e-05
61.267222   5.548640e-05
61.267778   5.549532e-05
61.268333   5.549474e-05
61.268889   5.551080e-05
61.269444   5.547086e-05
61.270000   5.546592e-05
61.270556   5.549161e-05
61.271111   5.551334e-05
61.271667   5.546584e-05
61.272222   5.553623e-05
61.272778   5.540570e-05
61.273333   5.541153e-05
61.273889   5.538897e-05
61.274444   5.537424e-05
61.275000   5.532890e-05
61.275556   5.533400e-05
61.276111   5.535183e-05
61.276667   5.533823e-05
61.277222   5.533823e-05
61.277778   5.533823e-05
61.278333   5.533823e-05
61.278889   5.533823e-05
61.279444   5.533823e-05
61.280000   5.533823e-05
61.280556   5.533823e-05
61.281111   5.533823e-05
61.281667   5.533823e-05
61.282222   5.533823e-05
61.282778   5.533823e-05
61.283333   5.533823e-05
61.283889   5.533823e-05
61.284444   5.533823e-05
61.285000   5.533823e-05
61.285556   5.533823e-05
61.286111   5.533823e-05
61.286667   5.533823e-05
61.287222   5.533823e-05
61.287778   5.533823e-05
61.288333   5.533823e-05
61.288889   5.533823e-05
61.289444   5.533823e-05
61.290000   5.533823e-05
61.290556   5.533823e-05
61.291111   5.533823e-05
61.291667   5.533823e-05
61.292222   5.533823e-05
61.292778   5.533823e-05
61.293333   5.533823e-05
61.293889   5.533823e-05
61.294444   5.533823e-05
61.295000   5.533823e-05
61.295556   5.533823e-05
61.296111   5.533823e-05
61.296667   5.533823e-05
61.297222   5.533823e-05
61.297778   5.533823e-05
61.298333   5.533823e-05
61.298889   5.533823e-05
61.299444   5.533823e-05
61.300000   5.533823e-05
61.300556   5.533823e-05
61.301111   5.533823e-05
61.301667   5.533823e-05
61.302222   5.533823e-05
61.302778   5.533823e-05
61.303333   5.533823e-05
61.303889   5.533823e-05
