%% LAL: 7.1.5 (UNCLEAN 53aa4afe025550f99f1042f83420085e09e6a5fc)
%% LALFrame: 1.6.0 (UNCLEAN 53aa4afe025550f99f1042f83420085e09e6a5fc)
%% LALMetaIO: 2.1.0 (UNCLEAN 53aa4afe025550f99f1042f83420085e09e6a5fc)
%% LALSimulation: 3.1.0 (UNCLEAN 53aa4afe025550f99f1042f83420085e09e6a5fc)
%% LALBurst: 1.5.10 (UNCLEAN 53aa4afe025550f99f1042f83420085e09e6a5fc)
%% LALInspiral: 2.0.4 (UNCLEAN 53aa4afe025550f99f1042f83420085e09e6a5fc)
%% LALPulsar: 3.1.1 (UNCLEAN 53aa4afe025550f99f1042f83420085e09e6a5fc)
%% LALInference: 3.0.1 (UNCLEAN 53aa4afe025550f99f1042f83420085e09e6a5fc)
%% LALApps: 7.4.0 (UNCLEAN 53aa4afe025550f99f1042f83420085e09e6a5fc)
%% argv[0]: '/home/m206265/.local/bin/lalapps_ComputePSD'
%% argv[1]: '--inputData=/home/m206265/lalapps_work/J0058-7218/result/SFTs/SFT_noise/*.sft'
%% argv[2]: '--outputPSD=/home/m206265/lalapps_work/J0058-7218/result/H1-SpectralDensity-J0058-O2_1-gensft-noinj'
%% argv[3]: '--fStart=61.1899123716'
%% argv[4]: '--fBand=0.114'
%% argv[5]: '--startTime=1168034371.0'
%% argv[6]: '--endTime=1173536644.0'
%% argv[7]: '--timeStampsFile=/home/m206265/lalapps_work/J0058-7218/data/timestamps/O2_1_H1_tslist.txt'
%% argv[8]: '--IFO=H1'
%% argv[9]: '-S'
%% argv[10]: '4'
%% columns:
%% FreqBinStart PSD
61.189444   5.525792e-05
61.190000   5.525792e-05
61.190556   5.525792e-05
61.191111   5.525792e-05
61.191667   5.525792e-05
61.192222   5.525792e-05
61.192778   5.525792e-05
61.193333   5.525792e-05
61.193889   5.525792e-05
61.194444   5.525792e-05
61.195000   5.525792e-05
61.195556   5.525792e-05
61.196111   5.525792e-05
61.196667   5.525792e-05
61.197222   5.525792e-05
61.197778   5.525792e-05
61.198333   5.525792e-05
61.198889   5.525792e-05
61.199444   5.525792e-05
61.200000   5.525792e-05
61.200556   5.525792e-05
61.201111   5.525792e-05
61.201667   5.525792e-05
61.202222   5.525792e-05
61.202778   5.525792e-05
61.203333   5.525792e-05
61.203889   5.525792e-05
61.204444   5.525792e-05
61.205000   5.525792e-05
61.205556   5.525792e-05
61.206111   5.525792e-05
61.206667   5.525792e-05
61.207222   5.525792e-05
61.207778   5.525792e-05
61.208333   5.525792e-05
61.208889   5.525792e-05
61.209444   5.525792e-05
61.210000   5.525792e-05
61.210556   5.525792e-05
61.211111   5.525792e-05
61.211667   5.525792e-05
61.212222   5.525792e-05
61.212778   5.525792e-05
61.213333   5.525792e-05
61.213889   5.525792e-05
61.214444   5.525792e-05
61.215000   5.525792e-05
61.215556   5.525792e-05
61.216111   5.525792e-05
61.216667   5.525792e-05
61.217222   5.525792e-05
61.217778   5.541386e-05
61.218333   5.544061e-05
61.218889   5.541935e-05
61.219444   5.539256e-05
61.220000   5.536715e-05
61.220556   5.543312e-05
61.221111   5.544976e-05
61.221667   5.541085e-05
61.222222   5.540521e-05
61.222778   5.535957e-05
61.223333   5.540913e-05
61.223889   5.537085e-05
61.224444   5.536333e-05
61.225000   5.536365e-05
61.225556   5.527313e-05
61.226111   5.531139e-05
61.226667   5.531696e-05
61.227222   5.530554e-05
61.227778   5.529534e-05
61.228333   5.531822e-05
61.228889   5.529526e-05
61.229444   5.526656e-05
61.230000   5.529733e-05
61.230556   5.530912e-05
61.231111   5.533234e-05
61.231667   5.529017e-05
61.232222   5.527259e-05
61.232778   5.528333e-05
61.233333   5.529516e-05
61.233889   5.525951e-05
61.234444   5.530833e-05
61.235000   5.532651e-05
61.235556   5.537487e-05
61.236111   5.539024e-05
61.236667   5.536924e-05
61.237222   5.528312e-05
61.237778   5.529520e-05
61.238333   5.527761e-05
61.238889   5.525912e-05
61.239444   5.524793e-05
61.240000   5.523362e-05
61.240556   5.528152e-05
61.241111   5.531134e-05
61.241667   5.529275e-05
61.242222   5.528809e-05
61.242778   5.528733e-05
61.243333   5.532749e-05
61.243889   5.531114e-05
61.244444   5.525770e-05
61.245000   5.525402e-05
61.245556   5.526362e-05
61.246111   5.529320e-05
61.246667   5.527660e-05
61.247222   5.530541e-05
61.247778   5.534308e-05
61.248333   5.537204e-05
61.248889   5.534721e-05
61.249444   5.534110e-05
61.250000   5.535984e-05
61.250556   5.534168e-05
61.251111   5.534782e-05
61.251667   5.532581e-05
61.252222   5.528996e-05
61.252778   5.530702e-05
61.253333   5.531284e-05
61.253889   5.530296e-05
61.254444   5.533315e-05
61.255000   5.537687e-05
61.255556   5.532491e-05
61.256111   5.531189e-05
61.256667   5.532537e-05
61.257222   5.527336e-05
61.257778   5.524126e-05
61.258333   5.532568e-05
61.258889   5.533284e-05
61.259444   5.535771e-05
61.260000   5.537688e-05
61.260556   5.539639e-05
61.261111   5.536052e-05
61.261667   5.530097e-05
61.262222   5.529081e-05
61.262778   5.528448e-05
61.263333   5.532966e-05
61.263889   5.532323e-05
61.264444   5.537679e-05
61.265000   5.531428e-05
61.265556   5.537400e-05
61.266111   5.538068e-05
61.266667   5.540352e-05
61.267222   5.532445e-05
61.267778   5.534953e-05
61.268333   5.536199e-05
61.268889   5.535031e-05
61.269444   5.531044e-05
61.270000   5.531437e-05
61.270556   5.525344e-05
61.271111   5.521487e-05
61.271667   5.521146e-05
61.272222   5.516552e-05
61.272778   5.517912e-05
61.273333   5.517070e-05
61.273889   5.517574e-05
61.274444   5.516402e-05
61.275000   5.519253e-05
61.275556   5.514994e-05
61.276111   5.508594e-05
61.276667   5.510480e-05
61.277222   5.510480e-05
61.277778   5.510480e-05
61.278333   5.510480e-05
61.278889   5.510480e-05
61.279444   5.510480e-05
61.280000   5.510480e-05
61.280556   5.510480e-05
61.281111   5.510480e-05
61.281667   5.510480e-05
61.282222   5.510480e-05
61.282778   5.510480e-05
61.283333   5.510480e-05
61.283889   5.510480e-05
61.284444   5.510480e-05
61.285000   5.510480e-05
61.285556   5.510480e-05
61.286111   5.510480e-05
61.286667   5.510480e-05
61.287222   5.510480e-05
61.287778   5.510480e-05
61.288333   5.510480e-05
61.288889   5.510480e-05
61.289444   5.510480e-05
61.290000   5.510480e-05
61.290556   5.510480e-05
61.291111   5.510480e-05
61.291667   5.510480e-05
61.292222   5.510480e-05
61.292778   5.510480e-05
61.293333   5.510480e-05
61.293889   5.510480e-05
61.294444   5.510480e-05
61.295000   5.510480e-05
61.295556   5.510480e-05
61.296111   5.510480e-05
61.296667   5.510480e-05
61.297222   5.510480e-05
61.297778   5.510480e-05
61.298333   5.510480e-05
61.298889   5.510480e-05
61.299444   5.510480e-05
61.300000   5.510480e-05
61.300556   5.510480e-05
61.301111   5.510480e-05
61.301667   5.510480e-05
61.302222   5.510480e-05
61.302778   5.510480e-05
61.303333   5.510480e-05
61.303889   5.510480e-05
