%% LAL: 7.1.5 (UNCLEAN 53aa4afe025550f99f1042f83420085e09e6a5fc)
%% LALFrame: 1.6.0 (UNCLEAN 53aa4afe025550f99f1042f83420085e09e6a5fc)
%% LALMetaIO: 2.1.0 (UNCLEAN 53aa4afe025550f99f1042f83420085e09e6a5fc)
%% LALSimulation: 3.1.0 (UNCLEAN 53aa4afe025550f99f1042f83420085e09e6a5fc)
%% LALBurst: 1.5.10 (UNCLEAN 53aa4afe025550f99f1042f83420085e09e6a5fc)
%% LALInspiral: 2.0.4 (UNCLEAN 53aa4afe025550f99f1042f83420085e09e6a5fc)
%% LALPulsar: 3.1.1 (UNCLEAN 53aa4afe025550f99f1042f83420085e09e6a5fc)
%% LALInference: 3.0.1 (UNCLEAN 53aa4afe025550f99f1042f83420085e09e6a5fc)
%% LALApps: 7.4.0 (UNCLEAN 53aa4afe025550f99f1042f83420085e09e6a5fc)
%% argv[0]: '/home/m206265/.local/bin/lalapps_ComputePSD'
%% argv[1]: '--inputData=/home/m206265/lalapps_work/J0058-7218//result/SFTs/SFTinj_noise/H-1_H1_1800SFT_INJ_J0058-1168034371-1800.sft'
%% argv[2]: '--outputPSD=/home/m206265/lalapps_work/J0058-7218/result/H1-SpectralDensity-J0058-O2_1-gensft-inj'
%% argv[3]: '--fStart=61.1899123716'
%% argv[4]: '--fBand=0.114'
%% argv[5]: '--timeStampsFile=/home/m206265/lalapps_work/J0058-7218/data/test.txt'
%% argv[6]: '--IFO=H1'
%% argv[7]: '-S'
%% argv[8]: '4'
%% columns:
%% FreqBinStart PSD
61.189444   5.568479e-05
61.190000   5.568479e-05
61.190556   5.568479e-05
61.191111   5.568479e-05
61.191667   5.568479e-05
61.192222   5.568479e-05
61.192778   5.568479e-05
61.193333   5.568479e-05
61.193889   5.568479e-05
61.194444   5.568479e-05
61.195000   5.568479e-05
61.195556   5.568479e-05
61.196111   5.568479e-05
61.196667   5.568479e-05
61.197222   5.568479e-05
61.197778   5.568479e-05
61.198333   5.568479e-05
61.198889   5.568479e-05
61.199444   5.568479e-05
61.200000   5.568479e-05
61.200556   5.568479e-05
61.201111   5.568479e-05
61.201667   5.568479e-05
61.202222   5.568479e-05
61.202778   5.568479e-05
61.203333   5.568479e-05
61.203889   5.568479e-05
61.204444   5.568479e-05
61.205000   5.568479e-05
61.205556   5.568479e-05
61.206111   5.568479e-05
61.206667   5.568479e-05
61.207222   5.568479e-05
61.207778   5.568479e-05
61.208333   5.568479e-05
61.208889   5.568479e-05
61.209444   5.568479e-05
61.210000   5.568479e-05
61.210556   5.568479e-05
61.211111   5.568479e-05
61.211667   5.568479e-05
61.212222   5.568479e-05
61.212778   5.568479e-05
61.213333   5.568479e-05
61.213889   5.568479e-05
61.214444   5.568479e-05
61.215000   5.568479e-05
61.215556   5.568479e-05
61.216111   5.568479e-05
61.216667   5.568479e-05
61.217222   5.568479e-05
61.217778   5.585758e-05
61.218333   5.585758e-05
61.218889   5.614902e-05
61.219444   5.614902e-05
61.220000   5.862171e-05
61.220556   5.862171e-05
61.221111   5.862171e-05
61.221667   5.794879e-05
61.222222   5.614902e-05
61.222778   5.794879e-05
61.223333   5.794879e-05
61.223889   5.614902e-05
61.224444   5.614902e-05
61.225000   5.585758e-05
61.225556   5.614902e-05
61.226111   5.614902e-05
61.226667   5.614902e-05
61.227222   5.585758e-05
61.227778   5.585758e-05
61.228333   5.568479e-05
61.228889   5.585758e-05
61.229444   5.585758e-05
61.230000   5.585758e-05
61.230556   5.568479e-05
61.231111   5.568479e-05
61.231667   5.327035e-05
61.232222   5.327035e-05
61.232778   5.568479e-05
61.233333   5.568479e-05
61.233889   5.568479e-05
61.234444   5.568479e-05
61.235000   5.568479e-05
61.235556   5.585758e-05
61.236111   5.794879e-05
61.236667   5.794879e-05
61.237222   5.568479e-05
61.237778   5.327035e-05
61.238333   5.327035e-05
61.238889   5.327035e-05
61.239444   5.473592e-05
61.240000   5.794879e-05
61.240556   6.376394e-05
61.241111   6.447047e-05
61.241667   6.469023e-05
61.242222   6.469023e-05
61.242778   6.469023e-05
61.243333   6.469023e-05
61.243889   6.469023e-05
61.244444   6.447047e-05
61.245000   6.447047e-05
61.245556   6.447047e-05
61.246111   6.376394e-05
61.246667   6.404477e-05
61.247222   6.447047e-05
61.247778   6.404477e-05
61.248333   6.404477e-05
61.248889   6.404477e-05
61.249444   6.404477e-05
61.250000   6.376394e-05
61.250556   6.404477e-05
61.251111   6.404477e-05
61.251667   6.404477e-05
61.252222   6.404477e-05
61.252778   6.447047e-05
61.253333   6.447047e-05
61.253889   6.447047e-05
61.254444   6.469023e-05
61.255000   6.469023e-05
61.255556   6.469023e-05
61.256111   6.469023e-05
61.256667   6.469023e-05
61.257222   6.404477e-05
61.257778   6.404477e-05
61.258333   6.404477e-05
61.258889   6.469023e-05
61.259444   6.404477e-05
61.260000   6.469023e-05
61.260556   6.469023e-05
61.261111   6.481542e-05
61.261667   6.469023e-05
61.262222   6.481542e-05
61.262778   6.481542e-05
61.263333   6.481542e-05
61.263889   6.676378e-05
61.264444   6.676378e-05
61.265000   6.847302e-05
61.265556   6.847302e-05
61.266111   6.847302e-05
61.266667   6.676378e-05
61.267222   6.676378e-05
61.267778   6.676378e-05
61.268333   6.481542e-05
61.268889   6.481542e-05
61.269444   6.481542e-05
61.270000   6.676378e-05
61.270556   6.676378e-05
61.271111   6.676378e-05
61.271667   6.676378e-05
61.272222   6.676378e-05
61.272778   6.847302e-05
61.273333   7.009850e-05
61.273889   6.847302e-05
61.274444   6.847302e-05
61.275000   6.676378e-05
61.275556   6.676378e-05
61.276111   6.676378e-05
61.276667   6.676378e-05
61.277222   6.676378e-05
61.277778   6.676378e-05
61.278333   6.676378e-05
61.278889   6.676378e-05
61.279444   6.676378e-05
61.280000   6.676378e-05
61.280556   6.676378e-05
61.281111   6.676378e-05
61.281667   6.676378e-05
61.282222   6.676378e-05
61.282778   6.676378e-05
61.283333   6.676378e-05
61.283889   6.676378e-05
61.284444   6.676378e-05
61.285000   6.676378e-05
61.285556   6.676378e-05
61.286111   6.676378e-05
61.286667   6.676378e-05
61.287222   6.676378e-05
61.287778   6.676378e-05
61.288333   6.676378e-05
61.288889   6.676378e-05
61.289444   6.676378e-05
61.290000   6.676378e-05
61.290556   6.676378e-05
61.291111   6.676378e-05
61.291667   6.676378e-05
61.292222   6.676378e-05
61.292778   6.676378e-05
61.293333   6.676378e-05
61.293889   6.676378e-05
61.294444   6.676378e-05
61.295000   6.676378e-05
61.295556   6.676378e-05
61.296111   6.676378e-05
61.296667   6.676378e-05
61.297222   6.676378e-05
61.297778   6.676378e-05
61.298333   6.676378e-05
61.298889   6.676378e-05
61.299444   6.676378e-05
61.300000   6.676378e-05
61.300556   6.676378e-05
61.301111   6.676378e-05
61.301667   6.676378e-05
61.302222   6.676378e-05
61.302778   6.676378e-05
61.303333   6.676378e-05
61.303889   6.676378e-05
