%% cmdline: /home/m206265/.local/bin/lalapps_ComputeFstatistic_v2 --Alpha=1.45968 --Delta=0.38422 --Freq=60.00099994869962 --f1dot=-3.775857179980738e-10 --f2dot=-2.699108378129127e-20 --FreqBand=1.240645955462455e-07 --f1dotBand=1.038331585877457e-13 --f2dotBand=8.496484308199493e-20 --dFreq=2.774168692424226e-08 --df1dot=2.321780009207155e-14 --df2dot=1.899871648289434e-20 --DataFiles="/home/m206265/lalapps_work/SFTinj/*.sft" --assumeSqrtSX="0.00751" --refTime=1171754150 --outputFstat="/home/m206265/lalapps_work/mismatchNewGrid/SNR_GridLoud_mism06_0.txt" --NumCandidatesToKeep=1 --FstatMethod=DemodSSE --outputTiming="/home/m206265/lalapps_work/mismatchNewGrid/Timing_SNR_GridLoud_mism06.txt"
%% LAL: 7.1.5 (UNCLEAN 53aa4afe025550f99f1042f83420085e09e6a5fc)
%% LALFrame: 1.6.0 (UNCLEAN 53aa4afe025550f99f1042f83420085e09e6a5fc)
%% LALMetaIO: 2.1.0 (UNCLEAN 53aa4afe025550f99f1042f83420085e09e6a5fc)
%% LALSimulation: 3.1.0 (UNCLEAN 53aa4afe025550f99f1042f83420085e09e6a5fc)
%% LALBurst: 1.5.10 (UNCLEAN 53aa4afe025550f99f1042f83420085e09e6a5fc)
%% LALInspiral: 2.0.4 (UNCLEAN 53aa4afe025550f99f1042f83420085e09e6a5fc)
%% LALPulsar: 3.1.1 (UNCLEAN 53aa4afe025550f99f1042f83420085e09e6a5fc)
%% LALInference: 3.0.1 (UNCLEAN 53aa4afe025550f99f1042f83420085e09e6a5fc)
%% LALApps: 7.4.0 (UNCLEAN 53aa4afe025550f99f1042f83420085e09e6a5fc)
%% NSFTs      NFreq    tauF[s] tauFEff[s]   tauF0[s] FstatMethod     tauMin     tauMax     NStart       NTau tauTransFstatMap tauTransMarg
    4107          5    2.5e-04    2.5e-04    6.1e-08   DemodSSE          0          0          0          0          0.0e+00      0.0e+00
    4107          5    7.5e-04    7.5e-04    1.8e-07   DemodSSE          0          0          0          0          0.0e+00      0.0e+00
    4107          5    3.8e-04    3.8e-04    9.1e-08   DemodSSE          0          0          0          0          0.0e+00      0.0e+00
    4107          5    3.8e-04    3.8e-04    9.1e-08   DemodSSE          0          0          0          0          0.0e+00      0.0e+00
    4107          5    5.0e-04    5.0e-04    1.2e-07   DemodSSE          0          0          0          0          0.0e+00      0.0e+00
    4107          5    2.5e-04    2.5e-04    6.1e-08   DemodSSE          0          0          0          0          0.0e+00      0.0e+00
    4107          5    2.5e-04    2.5e-04    6.1e-08   DemodSSE          0          0          0          0          0.0e+00      0.0e+00
    4107          5    3.8e-04    3.8e-04    9.1e-08   DemodSSE          0          0          0          0          0.0e+00      0.0e+00
    4107          5    3.8e-04    3.8e-04    9.1e-08   DemodSSE          0          0          0          0          0.0e+00      0.0e+00
    4107          5    2.5e-04    2.5e-04    6.1e-08   DemodSSE          0          0          0          0          0.0e+00      0.0e+00
    4107          5    3.8e-04    3.8e-04    9.1e-08   DemodSSE          0          0          0          0          0.0e+00      0.0e+00
    4107          5    2.5e-04    2.5e-04    6.1e-08   DemodSSE          0          0          0          0          0.0e+00      0.0e+00
    4107          5    2.5e-04    2.5e-04    6.1e-08   DemodSSE          0          0          0          0          0.0e+00      0.0e+00
    4107          5    3.8e-04    3.8e-04    9.1e-08   DemodSSE          0          0          0          0          0.0e+00      0.0e+00
    4107          5    3.8e-04    3.8e-04    9.1e-08   DemodSSE          0          0          0          0          0.0e+00      0.0e+00
    4107          5    5.0e-04    5.0e-04    1.2e-07   DemodSSE          0          0          0          0          0.0e+00      0.0e+00
    4107          5    3.8e-04    3.8e-04    9.1e-08   DemodSSE          0          0          0          0          0.0e+00      0.0e+00
    4107          5    2.5e-04    2.5e-04    6.1e-08   DemodSSE          0          0          0          0          0.0e+00      0.0e+00
    4107          5    3.8e-04    3.8e-04    9.1e-08   DemodSSE          0          0          0          0          0.0e+00      0.0e+00
    4107          5    2.5e-04    2.5e-04    6.1e-08   DemodSSE          0          0          0          0          0.0e+00      0.0e+00
    4107          5    2.5e-04    2.5e-04    6.1e-08   DemodSSE          0          0          0          0          0.0e+00      0.0e+00
    4107          5    3.8e-04    3.8e-04    9.1e-08   DemodSSE          0          0          0          0          0.0e+00      0.0e+00
    4107          5    2.5e-04    2.5e-04    6.1e-08   DemodSSE          0          0          0          0          0.0e+00      0.0e+00
    4107          5    2.5e-04    2.5e-04    6.1e-08   DemodSSE          0          0          0          0          0.0e+00      0.0e+00
    4107          5    1.3e-04    1.3e-04    3.0e-08   DemodSSE          0          0          0          0          0.0e+00      0.0e+00
    4107          5    3.8e-04    3.8e-04    9.1e-08   DemodSSE          0          0          0          0          0.0e+00      0.0e+00
    4107          5    3.8e-04    3.8e-04    9.1e-08   DemodSSE          0          0          0          0          0.0e+00      0.0e+00
    4107          5    5.0e-04    5.0e-04    1.2e-07   DemodSSE          0          0          0          0          0.0e+00      0.0e+00
    4107          5    3.8e-04    3.8e-04    9.1e-08   DemodSSE          0          0          0          0          0.0e+00      0.0e+00
    4107          5    1.3e-04    1.3e-04    3.0e-08   DemodSSE          0          0          0          0          0.0e+00      0.0e+00
    4107          5    2.5e-04    2.5e-04    6.1e-08   DemodSSE          0          0          0          0          0.0e+00      0.0e+00
    4107          5    5.0e-04    5.0e-04    1.2e-07   DemodSSE          0          0          0          0          0.0e+00      0.0e+00
    4107          5    3.8e-04    3.8e-04    9.1e-08   DemodSSE          0          0          0          0          0.0e+00      0.0e+00
    4107          5    3.8e-04    3.8e-04    9.1e-08   DemodSSE          0          0          0          0          0.0e+00      0.0e+00
    4107          5    3.8e-04    3.8e-04    9.1e-08   DemodSSE          0          0          0          0          0.0e+00      0.0e+00
    4107          5    3.8e-04    3.8e-04    9.1e-08   DemodSSE          0          0          0          0          0.0e+00      0.0e+00
    4107          5    2.5e-04    2.5e-04    6.1e-08   DemodSSE          0          0          0          0          0.0e+00      0.0e+00
    4107          5    2.5e-04    2.5e-04    6.1e-08   DemodSSE          0          0          0          0          0.0e+00      0.0e+00
    4107          5    3.8e-04    3.8e-04    9.1e-08   DemodSSE          0          0          0          0          0.0e+00      0.0e+00
    4107          5    3.8e-04    3.8e-04    9.1e-08   DemodSSE          0          0          0          0          0.0e+00      0.0e+00
    4107          5    2.5e-04    2.5e-04    6.1e-08   DemodSSE          0          0          0          0          0.0e+00      0.0e+00
    4107          5    3.8e-04    3.8e-04    9.1e-08   DemodSSE          0          0          0          0          0.0e+00      0.0e+00
    4107          5    2.5e-04    2.5e-04    6.1e-08   DemodSSE          0          0          0          0          0.0e+00      0.0e+00
    4107          5    2.5e-04    2.5e-04    6.1e-08   DemodSSE          0          0          0          0          0.0e+00      0.0e+00
    4107          5    2.5e-04    2.5e-04    6.1e-08   DemodSSE          0          0          0          0          0.0e+00      0.0e+00
    4107          5    3.8e-04    3.8e-04    9.1e-08   DemodSSE          0          0          0          0          0.0e+00      0.0e+00
    4107          5    3.8e-04    3.8e-04    9.1e-08   DemodSSE          0          0          0          0          0.0e+00      0.0e+00
    4107          5    3.8e-04    5.0e-04    9.1e-08   DemodSSE          0          0          0          0          0.0e+00      0.0e+00
    4107          5    5.0e-04    5.0e-04    1.2e-07   DemodSSE          0          0          0          0          0.0e+00      0.0e+00
    4107          5    5.0e-04    5.0e-04    1.2e-07   DemodSSE          0          0          0          0          0.0e+00      0.0e+00
    4107          5    5.0e-04    5.0e-04    1.2e-07   DemodSSE          0          0          0          0          0.0e+00      0.0e+00
    4107          5    3.8e-04    3.8e-04    9.1e-08   DemodSSE          0          0          0          0          0.0e+00      0.0e+00
    4107          5    0.0e+00    0.0e+00    0.0e+00   DemodSSE          0          0          0          0          0.0e+00      0.0e+00
    4107          5    1.3e-04    1.3e-04    3.0e-08   DemodSSE          0          0          0          0          0.0e+00      0.0e+00
    4107          5    2.5e-04    2.5e-04    6.1e-08   DemodSSE          0          0          0          0          0.0e+00      0.0e+00
    4107          5    2.5e-04    2.5e-04    6.1e-08   DemodSSE          0          0          0          0          0.0e+00      0.0e+00
    4107          5    3.8e-04    3.8e-04    9.1e-08   DemodSSE          0          0          0          0          0.0e+00      0.0e+00
    4107          5    3.8e-04    3.8e-04    9.1e-08   DemodSSE          0          0          0          0          0.0e+00      0.0e+00
    4107          5    3.8e-04    3.8e-04    9.1e-08   DemodSSE          0          0          0          0          0.0e+00      0.0e+00
    4107          5    2.5e-04    2.5e-04    6.1e-08   DemodSSE          0          0          0          0          0.0e+00      0.0e+00
    4107          5    3.8e-04    3.8e-04    9.1e-08   DemodSSE          0          0          0          0          0.0e+00      0.0e+00
    4107          5    2.5e-04    2.5e-04    6.1e-08   DemodSSE          0          0          0          0          0.0e+00      0.0e+00
    4107          5    2.5e-04    2.5e-04    6.1e-08   DemodSSE          0          0          0          0          0.0e+00      0.0e+00
    4107          5    3.8e-04    3.8e-04    9.1e-08   DemodSSE          0          0          0          0          0.0e+00      0.0e+00
    4107          5    3.8e-04    3.8e-04    9.1e-08   DemodSSE          0          0          0          0          0.0e+00      0.0e+00
    4107          5    3.8e-04    3.8e-04    9.1e-08   DemodSSE          0          0          0          0          0.0e+00      0.0e+00
    4107          5    3.8e-04    3.8e-04    9.1e-08   DemodSSE          0          0          0          0          0.0e+00      0.0e+00
    4107          5    3.8e-04    3.8e-04    9.1e-08   DemodSSE          0          0          0          0          0.0e+00      0.0e+00
    4107          5    2.5e-04    2.5e-04    6.1e-08   DemodSSE          0          0          0          0          0.0e+00      0.0e+00
    4107          5    3.8e-04    3.8e-04    9.1e-08   DemodSSE          0          0          0          0          0.0e+00      0.0e+00
    4107          5    2.5e-04    2.5e-04    6.1e-08   DemodSSE          0          0          0          0          0.0e+00      0.0e+00
    4107          5    2.5e-04    2.5e-04    6.1e-08   DemodSSE          0          0          0          0          0.0e+00      0.0e+00
    4107          5    2.5e-04    2.5e-04    6.1e-08   DemodSSE          0          0          0          0          0.0e+00      0.0e+00
    4107          5    2.5e-04    2.5e-04    6.1e-08   DemodSSE          0          0          0          0          0.0e+00      0.0e+00
    4107          5    2.5e-04    2.5e-04    6.1e-08   DemodSSE          0          0          0          0          0.0e+00      0.0e+00
    4107          5    3.8e-04    3.8e-04    9.1e-08   DemodSSE          0          0          0          0          0.0e+00      0.0e+00
    4107          5    3.8e-04    3.8e-04    9.1e-08   DemodSSE          0          0          0          0          0.0e+00      0.0e+00
    4107          5    2.5e-04    2.5e-04    6.1e-08   DemodSSE          0          0          0          0          0.0e+00      0.0e+00
    4107          5    3.8e-04    3.8e-04    9.1e-08   DemodSSE          0          0          0          0          0.0e+00      0.0e+00
    4107          5    2.5e-04    2.5e-04    6.1e-08   DemodSSE          0          0          0          0          0.0e+00      0.0e+00
    4107          5    2.5e-04    2.5e-04    6.1e-08   DemodSSE          0          0          0          0          0.0e+00      0.0e+00
    4107          5    5.0e-04    5.0e-04    1.2e-07   DemodSSE          0          0          0          0          0.0e+00      0.0e+00
    4107          5    3.8e-04    3.8e-04    9.1e-08   DemodSSE          0          0          0          0          0.0e+00      0.0e+00
    4107          5    2.5e-04    2.5e-04    6.1e-08   DemodSSE          0          0          0          0          0.0e+00      0.0e+00
    4107          5    2.5e-04    2.5e-04    6.1e-08   DemodSSE          0          0          0          0          0.0e+00      0.0e+00
    4107          5    3.8e-04    3.8e-04    9.1e-08   DemodSSE          0          0          0          0          0.0e+00      0.0e+00
    4107          5    3.8e-04    3.8e-04    9.1e-08   DemodSSE          0          0          0          0          0.0e+00      0.0e+00
    4107          5    8.8e-04    8.8e-04    2.1e-07   DemodSSE          0          0          0          0          0.0e+00      0.0e+00
    4107          5    5.0e-04    5.0e-04    1.2e-07   DemodSSE          0          0          0          0          0.0e+00      0.0e+00
    4107          5    2.5e-04    3.8e-04    6.1e-08   DemodSSE          0          0          0          0          0.0e+00      0.0e+00
    4107          5    3.8e-04    3.8e-04    9.1e-08   DemodSSE          0          0          0          0          0.0e+00      0.0e+00
    4107          5    3.8e-04    3.8e-04    9.1e-08   DemodSSE          0          0          0          0          0.0e+00      0.0e+00
    4107          5    3.8e-04    3.8e-04    9.1e-08   DemodSSE          0          0          0          0          0.0e+00      0.0e+00
    4107          5    2.5e-04    3.8e-04    6.1e-08   DemodSSE          0          0          0          0          0.0e+00      0.0e+00
    4107          5    2.5e-04    2.5e-04    6.1e-08   DemodSSE          0          0          0          0          0.0e+00      0.0e+00
    4107          5    2.5e-04    2.5e-04    6.1e-08   DemodSSE          0          0          0          0          0.0e+00      0.0e+00
    4107          5    1.3e-04    1.3e-04    3.0e-08   DemodSSE          0          0          0          0          0.0e+00      0.0e+00
    4107          5    2.5e-04    2.5e-04    6.1e-08   DemodSSE          0          0          0          0          0.0e+00      0.0e+00
    4107          5    2.5e-04    2.5e-04    6.1e-08   DemodSSE          0          0          0          0          0.0e+00      0.0e+00
    4107          5    2.5e-04    2.5e-04    6.1e-08   DemodSSE          0          0          0          0          0.0e+00      0.0e+00
    4107          5    2.5e-04    2.5e-04    6.1e-08   DemodSSE          0          0          0          0          0.0e+00      0.0e+00
    4107          5    3.8e-04    3.8e-04    9.1e-08   DemodSSE          0          0          0          0          0.0e+00      0.0e+00
    4107          5    2.5e-04    2.5e-04    6.1e-08   DemodSSE          0          0          0          0          0.0e+00      0.0e+00
    4107          5    2.5e-04    2.5e-04    6.1e-08   DemodSSE          0          0          0          0          0.0e+00      0.0e+00
