[ 6.00010000e+01  1.45968000e+00  3.84220000e-01 -3.77536997e-10
  1.19123091e-20  0.00000000e+00  7.69612579e+01]
[ 6.00010000e+01  1.45968000e+00  3.84220000e-01 -3.77532734e-10
  1.13694934e-20  0.00000000e+00  7.75855026e+01]
[ 6.00010000e+01  1.45968000e+00  3.84220000e-01 -3.77536122e-10
  1.40376225e-20  0.00000000e+00  7.68546982e+01]
[ 6.00010000e+01  1.45968000e+00  3.84220000e-01 -3.77536556e-10
  1.56281564e-20  0.00000000e+00  7.65761948e+01]
[ 6.00010000e+01  1.45968000e+00  3.84220000e-01 -3.77529629e-10
  1.52277126e-20  0.00000000e+00  7.74170303e+01]
[ 6.00010000e+01  1.45968000e+00  3.84220000e-01 -3.77539195e-10
  8.19723254e-21  0.00000000e+00  7.74295654e+01]
[ 6.00010000e+01  1.45968000e+00  3.84220000e-01 -3.77539135e-10
  1.30600173e-20  0.00000000e+00  7.74973145e+01]
[ 6.00010000e+01  1.45968000e+00  3.84220000e-01 -3.77538167e-10
  1.34169642e-20  0.00000000e+00  7.73747559e+01]
[ 6.00010000e+01  1.45968000e+00  3.84220000e-01 -3.77537564e-10
  1.08795023e-20  0.00000000e+00  7.73230591e+01]
[ 6.00010000e+01  1.45968000e+00  3.84220000e-01 -3.77532603e-10
  9.65795541e-21  0.00000000e+00  7.72596512e+01]
[ 6.00010000e+01  1.45968000e+00  3.84220000e-01 -3.77535754e-10
  8.51482439e-21  0.00000000e+00  7.74671555e+01]
[ 6.00010000e+01  1.45968000e+00  3.84220000e-01 -3.77534373e-10
  1.42802656e-20  0.00000000e+00  7.69737244e+01]
[ 6.00010000e+01  1.45968000e+00  3.84220000e-01 -3.77533765e-10
  1.12066993e-20  0.00000000e+00  7.72081757e+01]
[ 6.00010000e+01  1.45968000e+00  3.84220000e-01 -3.77535714e-10
  1.08994686e-20  0.00000000e+00  7.76140366e+01]
[ 6.00010000e+01  1.45968000e+00  3.84220000e-01 -3.77532644e-10
  1.30422287e-20  0.00000000e+00  7.76259232e+01]
[ 6.00010000e+01  1.45968000e+00  3.84220000e-01 -3.77536618e-10
  1.13462475e-20  0.00000000e+00  7.74653854e+01]
[ 6.00010000e+01  1.45968000e+00  3.84220000e-01 -3.77529256e-10
  1.40403443e-20  0.00000000e+00  7.75320358e+01]
[ 6.00010000e+01  1.45968000e+00  3.84220000e-01 -3.77539610e-10
  1.03203999e-20  0.00000000e+00  7.73600922e+01]
[ 6.00010000e+01  1.45968000e+00  3.84220000e-01 -3.77531499e-10
  8.55801380e-21  0.00000000e+00  7.69762955e+01]
[ 6.00010000e+01  1.45968000e+00  3.84220000e-01 -3.77540293e-10
  1.56105395e-20  0.00000000e+00  7.68732986e+01]
[ 6.00010000e+01  1.45968000e+00  3.84220000e-01 -3.77529144e-10
  1.02476565e-20  0.00000000e+00  7.72184143e+01]
[ 6.00010000e+01  1.45968000e+00  3.84220000e-01 -3.77539627e-10
  1.43182186e-20  0.00000000e+00  7.71223373e+01]
[ 6.00010000e+01  1.45968000e+00  3.84220000e-01 -3.77531081e-10
  9.16848621e-21  0.00000000e+00  7.75054016e+01]
[ 6.00010000e+01  1.45968000e+00  3.84220000e-01 -3.77529510e-10
  8.60189250e-21  0.00000000e+00  7.73219681e+01]
[ 6.00010000e+01  1.45968000e+00  3.84220000e-01 -3.77530813e-10
  1.26973064e-20  0.00000000e+00  7.74469757e+01]
[ 6.00010000e+01  1.45968000e+00  3.84220000e-01 -3.77536746e-10
  7.57636032e-21  0.00000000e+00  7.75354004e+01]
[ 6.00010000e+01  1.45968000e+00  3.84220000e-01 -3.77538706e-10
  1.24397808e-20  0.00000000e+00  7.72824860e+01]
[ 6.00010000e+01  1.45968000e+00  3.84220000e-01 -3.77537268e-10
  7.93187448e-21  0.00000000e+00  7.72675018e+01]
[ 6.00010000e+01  1.45968000e+00  3.84220000e-01 -3.77529007e-10
  1.31822394e-20  0.00000000e+00  7.70873489e+01]
[ 6.00010000e+01  1.45968000e+00  3.84220000e-01 -3.77538172e-10
  1.16013236e-20  0.00000000e+00  7.75231323e+01]
[ 6.00010000e+01  1.45968000e+00  3.84220000e-01 -3.77538351e-10
  1.29202778e-20  0.00000000e+00  7.75242844e+01]
[ 6.00010000e+01  1.45968000e+00  3.84220000e-01 -3.77532728e-10
  1.28174475e-20  0.00000000e+00  7.75734940e+01]
[ 6.00010000e+01  1.45968000e+00  3.84220000e-01 -3.77539694e-10
  1.31168765e-20  0.00000000e+00  7.73085785e+01]
[ 6.00010000e+01  1.45968000e+00  3.84220000e-01 -3.77533542e-10
  1.36403752e-20  0.00000000e+00  7.74645996e+01]
[ 6.00010000e+01  1.45968000e+00  3.84220000e-01 -3.77534688e-10
  1.09415988e-20  0.00000000e+00  7.74730682e+01]
[ 6.00010000e+01  1.45968000e+00  3.84220000e-01 -3.77534765e-10
  7.19254598e-21  0.00000000e+00  7.75608978e+01]
[ 6.00010000e+01  1.45968000e+00  3.84220000e-01 -3.77539635e-10
  1.33444560e-20  0.00000000e+00  7.73403397e+01]
[ 6.00010000e+01  1.45968000e+00  3.84220000e-01 -3.77539263e-10
 -4.51448205e-21  0.00000000e+00  7.64711609e+01]
[ 6.00010000e+01  1.45968000e+00  3.84220000e-01 -3.77539861e-10
  7.62059978e-21  0.00000000e+00  7.74044495e+01]
[ 6.00010000e+01  1.45968000e+00  3.84220000e-01 -3.77538342e-10
  1.16288684e-20  0.00000000e+00  7.75612259e+01]
[ 6.00010000e+01  1.45968000e+00  3.84220000e-01 -3.77537636e-10
  9.50551833e-21  0.00000000e+00  7.76088715e+01]
[ 6.00010000e+01  1.45968000e+00  3.84220000e-01 -3.77537705e-10
  1.12675814e-20  0.00000000e+00  7.72667999e+01]
[ 6.00010000e+01  1.45968000e+00  3.84220000e-01 -3.77539614e-10
  1.34798056e-20  0.00000000e+00  7.69809341e+01]
[ 6.00010000e+01  1.45968000e+00  3.84220000e-01 -3.77531754e-10
  7.95937128e-21  0.00000000e+00  7.63033676e+01]
[ 6.00010000e+01  1.45968000e+00  3.84220000e-01 -3.77535567e-10
  1.45503263e-20  0.00000000e+00  7.75582352e+01]
[ 6.00010000e+01  1.45968000e+00  3.84220000e-01 -3.77540215e-10
  1.08049713e-20  0.00000000e+00  7.75389938e+01]
[ 6.00010000e+01  1.45968000e+00  3.84220000e-01 -3.77533361e-10
  8.21478060e-21  0.00000000e+00  7.75543747e+01]
[ 6.00010000e+01  1.45968000e+00  3.84220000e-01 -3.77531817e-10
  8.98447112e-21  0.00000000e+00  7.75201950e+01]
[ 6.00010000e+01  1.45968000e+00  3.84220000e-01 -3.77532884e-10
  1.52881901e-20  0.00000000e+00  7.69924011e+01]
[ 6.00010000e+01  1.45968000e+00  3.84220000e-01 -3.77531176e-10
  1.53557632e-20  0.00000000e+00  7.75258484e+01]
[ 6.00010000e+01  1.45968000e+00  3.84220000e-01 -3.77538916e-10
  8.72470715e-21  0.00000000e+00  7.75889969e+01]
[ 6.00010000e+01  1.45968000e+00  3.84220000e-01 -3.77533584e-10
  1.50404130e-20  0.00000000e+00  7.70559769e+01]
[ 6.00010000e+01  1.45968000e+00  3.84220000e-01 -3.77533358e-10
  1.49747343e-20  0.00000000e+00  7.76053619e+01]
[ 6.00010000e+01  1.45968000e+00  3.84220000e-01 -3.77533446e-10
  1.40879137e-20  0.00000000e+00  7.76061707e+01]
[ 6.00010000e+01  1.45968000e+00  3.84220000e-01 -3.77536836e-10
  8.25508810e-21  0.00000000e+00  7.75907135e+01]
[ 6.00010000e+01  1.45968000e+00  3.84220000e-01 -3.77532776e-10
  1.02052813e-20  0.00000000e+00  7.75989914e+01]
[ 6.00010000e+01  1.45968000e+00  3.84220000e-01 -3.77534404e-10
  1.52789094e-20  0.00000000e+00  7.75429153e+01]
[ 6.00010000e+01  1.45968000e+00  3.84220000e-01 -3.77531817e-10
  7.29567606e-21  0.00000000e+00  7.74352798e+01]
[ 6.00010000e+01  1.45968000e+00  3.84220000e-01 -3.77533295e-10
  1.21658483e-20  0.00000000e+00  7.72918701e+01]
[ 6.00010000e+01  1.45968000e+00  3.84220000e-01 -3.77530608e-10
  1.40890538e-20  0.00000000e+00  7.75790100e+01]
[ 6.00010000e+01  1.45968000e+00  3.84220000e-01 -3.77534931e-10
  9.02487604e-21  0.00000000e+00  7.75737610e+01]
[ 6.00010000e+01  1.45968000e+00  3.84220000e-01 -3.77533447e-10
  7.39551875e-21  0.00000000e+00  7.75267029e+01]
[ 6.00010000e+01  1.45968000e+00  3.84220000e-01 -3.77533697e-10
  1.43728805e-20  0.00000000e+00  7.75820541e+01]
[ 6.00010000e+01  1.45968000e+00  3.84220000e-01 -3.77532206e-10
  1.04015326e-20  0.00000000e+00  7.75186844e+01]
[ 6.00010000e+01  1.45968000e+00  3.84220000e-01 -3.77539746e-10
 -3.91974824e-21  0.00000000e+00  7.68361206e+01]
[ 6.00010000e+01  1.45968000e+00  3.84220000e-01 -3.77534524e-10
  8.38470889e-21  0.00000000e+00  7.75319366e+01]
[ 6.00010000e+01  1.45968000e+00  3.84220000e-01 -3.77531896e-10
  9.02600475e-21  0.00000000e+00  7.74305115e+01]
[ 6.00010000e+01  1.45968000e+00  3.84220000e-01 -3.77529720e-10
  1.51854716e-20  0.00000000e+00  7.76093597e+01]
[ 6.00010000e+01  1.45968000e+00  3.84220000e-01 -3.77529303e-10
  8.82826249e-21  0.00000000e+00  7.73480988e+01]
[ 6.00010000e+01  1.45968000e+00  3.84220000e-01 -3.77531297e-10
  8.48746342e-21  0.00000000e+00  7.67950211e+01]
[ 6.00010000e+01  1.45968000e+00  3.84220000e-01 -3.77539399e-10
  7.83935044e-21  0.00000000e+00  7.73321686e+01]
[ 6.00010000e+01  1.45968000e+00  3.84220000e-01 -3.77532685e-10
  1.50681300e-20  0.00000000e+00  7.76076202e+01]
[ 6.00010000e+01  1.45968000e+00  3.84220000e-01 -3.77530515e-10
  1.53930747e-20  0.00000000e+00  7.72153091e+01]
[ 6.00010000e+01  1.45968000e+00  3.84220000e-01 -3.77539753e-10
  1.42736472e-20  0.00000000e+00  7.73081207e+01]
[ 6.00010000e+01  1.45968000e+00  3.84220000e-01 -3.77535652e-10
  1.50378586e-20  0.00000000e+00  7.75306854e+01]
[ 6.00010000e+01  1.45968000e+00  3.84220000e-01 -3.77539222e-10
  1.05544834e-20  0.00000000e+00  7.70868530e+01]
[ 6.00010000e+01  1.45968000e+00  3.84220000e-01 -3.77532031e-10
  1.61483262e-20  0.00000000e+00  7.76030197e+01]
[ 6.00010000e+01  1.45968000e+00  3.84220000e-01 -3.77533034e-10
  8.24106793e-21  0.00000000e+00  7.65656204e+01]
[ 6.00010000e+01  1.45968000e+00  3.84220000e-01 -3.77535877e-10
  1.26428444e-20  0.00000000e+00  7.75906296e+01]
[ 6.00010000e+01  1.45968000e+00  3.84220000e-01 -3.77535352e-10
  1.09242937e-20  0.00000000e+00  7.75571136e+01]
[ 6.00010000e+01  1.45968000e+00  3.84220000e-01 -3.77533732e-10
  1.18880536e-20  0.00000000e+00  7.76050034e+01]
[ 6.00010000e+01  1.45968000e+00  3.84220000e-01 -3.77539700e-10
  1.32533571e-20  0.00000000e+00  7.70253448e+01]
[ 6.00010000e+01  1.45968000e+00  3.84220000e-01 -3.77536775e-10
  6.85030762e-21  0.00000000e+00  7.70108719e+01]
[ 6.00010000e+01  1.45968000e+00  3.84220000e-01 -3.77535353e-10
  1.20810197e-20  0.00000000e+00  7.75111237e+01]
[ 6.00010000e+01  1.45968000e+00  3.84220000e-01 -3.77533844e-10
  8.32958118e-21  0.00000000e+00  7.75712128e+01]
[ 6.00010000e+01  1.45968000e+00  3.84220000e-01 -3.77537267e-10
  1.28509035e-20  0.00000000e+00  7.75721283e+01]
[ 6.00010000e+01  1.45968000e+00  3.84220000e-01 -3.77531715e-10
  1.23301018e-20  0.00000000e+00  7.74977417e+01]
[ 6.00010000e+01  1.45968000e+00  3.84220000e-01 -3.77533343e-10
  8.12683198e-21  0.00000000e+00  7.71540146e+01]
[ 6.00010000e+01  1.45968000e+00  3.84220000e-01 -3.77530030e-10
  1.46483021e-20  0.00000000e+00  7.73185425e+01]
[ 6.00010000e+01  1.45968000e+00  3.84220000e-01 -3.77530982e-10
  1.47099801e-20  0.00000000e+00  7.75977173e+01]
[ 6.00010000e+01  1.45968000e+00  3.84220000e-01 -3.77530008e-10
  6.99854644e-21  0.00000000e+00  7.72159653e+01]
[ 6.00010000e+01  1.45968000e+00  3.84220000e-01 -3.77538233e-10
  9.50488554e-21  0.00000000e+00  7.75543900e+01]
[ 6.00010000e+01  1.45968000e+00  3.84220000e-01 -3.77537700e-10
  1.49471445e-20  0.00000000e+00  7.74153061e+01]
[ 6.00010000e+01  1.45968000e+00  3.84220000e-01 -3.77540144e-10
  1.03425927e-20  0.00000000e+00  7.72690659e+01]
[ 6.00010000e+01  1.45968000e+00  3.84220000e-01 -3.77538964e-10
  1.31976878e-20  0.00000000e+00  7.63109055e+01]
[ 6.00010000e+01  1.45968000e+00  3.84220000e-01 -3.77539030e-10
  1.45082532e-20  0.00000000e+00  7.71617737e+01]
[ 6.00010000e+01  1.45968000e+00  3.84220000e-01 -3.77531391e-10
  9.41717369e-21  0.00000000e+00  7.70580750e+01]
[ 6.00010000e+01  1.45968000e+00  3.84220000e-01 -3.77529132e-10
  8.87647630e-21  0.00000000e+00  7.65258560e+01]
[ 6.00010000e+01  1.45968000e+00  3.84220000e-01 -3.77536011e-10
  1.06537377e-20  0.00000000e+00  7.75531845e+01]
[ 6.00010000e+01  1.45968000e+00  3.84220000e-01 -3.77539765e-10
  1.48234631e-20  0.00000000e+00  7.67018356e+01]
