%% cmdline: /home/m206265/.local/bin/lalapps_ComputeFstatistic_v2 --Alpha=1.45968 --Delta=0.38422 --Freq=60.00099950133868 --f1dot=-3.77956137595164e-10 --f2dot=-3.243530752184385e-19 --FreqBand=1.012983180776907e-06 --f1dotBand=8.477941897382074e-13 --f2dotBand=6.937350387550961e-19 --dFreq=5.064915903884532e-08 --df1dot=4.238970948691037e-14 --df2dot=3.468675193775481e-20 --DataFiles="/home/m206265/lalapps_work/SFTinj/*.sft" --assumeSqrtSX="0.00751" --refTime=1171754150 --outputFstat="/home/m206265/lalapps_work/mismatchNewGrid/SNR_GridLoud_mism2_1.txt" --NumCandidatesToKeep=1 --FstatMethod=DemodSSE --outputTiming="/home/m206265/lalapps_work/mismatchNewGrid/Timing_SNR_GridLoud_mism2.txt"
%% LAL: 7.1.5 (UNCLEAN 53aa4afe025550f99f1042f83420085e09e6a5fc)
%% LALFrame: 1.6.0 (UNCLEAN 53aa4afe025550f99f1042f83420085e09e6a5fc)
%% LALMetaIO: 2.1.0 (UNCLEAN 53aa4afe025550f99f1042f83420085e09e6a5fc)
%% LALSimulation: 3.1.0 (UNCLEAN 53aa4afe025550f99f1042f83420085e09e6a5fc)
%% LALBurst: 1.5.10 (UNCLEAN 53aa4afe025550f99f1042f83420085e09e6a5fc)
%% LALInspiral: 2.0.4 (UNCLEAN 53aa4afe025550f99f1042f83420085e09e6a5fc)
%% LALPulsar: 3.1.1 (UNCLEAN 53aa4afe025550f99f1042f83420085e09e6a5fc)
%% LALInference: 3.0.1 (UNCLEAN 53aa4afe025550f99f1042f83420085e09e6a5fc)
%% LALApps: 7.4.0 (UNCLEAN 53aa4afe025550f99f1042f83420085e09e6a5fc)
%% NSFTs      NFreq    tauF[s] tauFEff[s]   tauF0[s] FstatMethod     tauMin     tauMax     NStart       NTau tauTransFstatMap tauTransMarg
    4107         21    2.9e-04    2.9e-04    6.9e-08   DemodSSE          0          0          0          0          0.0e+00      0.0e+00
    4107         21    3.0e-04    3.0e-04    7.4e-08   DemodSSE          0          0          0          0          0.0e+00      0.0e+00
    4107         21    2.9e-04    2.9e-04    7.0e-08   DemodSSE          0          0          0          0          0.0e+00      0.0e+00
    4107         21    2.7e-04    2.7e-04    6.6e-08   DemodSSE          0          0          0          0          0.0e+00      0.0e+00
    4107         21    2.4e-04    2.4e-04    5.8e-08   DemodSSE          0          0          0          0          0.0e+00      0.0e+00
    4107         21    2.6e-04    2.6e-04    6.3e-08   DemodSSE          0          0          0          0          0.0e+00      0.0e+00
    4107         21    2.6e-04    2.6e-04    6.4e-08   DemodSSE          0          0          0          0          0.0e+00      0.0e+00
    4107         21    2.6e-04    2.6e-04    6.3e-08   DemodSSE          0          0          0          0          0.0e+00      0.0e+00
    4107         21    2.8e-04    2.9e-04    6.9e-08   DemodSSE          0          0          0          0          0.0e+00      0.0e+00
    4107         21    3.3e-04    3.3e-04    8.0e-08   DemodSSE          0          0          0          0          0.0e+00      0.0e+00
    4107         21    2.9e-04    2.9e-04    7.1e-08   DemodSSE          0          0          0          0          0.0e+00      0.0e+00
    4107         21    2.7e-04    2.7e-04    6.5e-08   DemodSSE          0          0          0          0          0.0e+00      0.0e+00
    4107         21    2.8e-04    2.9e-04    6.9e-08   DemodSSE          0          0          0          0          0.0e+00      0.0e+00
    4107         21    2.7e-04    2.7e-04    6.7e-08   DemodSSE          0          0          0          0          0.0e+00      0.0e+00
    4107         21    3.1e-04    3.1e-04    7.5e-08   DemodSSE          0          0          0          0          0.0e+00      0.0e+00
    4107         21    2.6e-04    2.6e-04    6.3e-08   DemodSSE          0          0          0          0          0.0e+00      0.0e+00
    4107         21    2.7e-04    2.7e-04    6.5e-08   DemodSSE          0          0          0          0          0.0e+00      0.0e+00
    4107         21    3.1e-04    3.1e-04    7.5e-08   DemodSSE          0          0          0          0          0.0e+00      0.0e+00
    4107         21    2.2e-04    2.3e-04    5.5e-08   DemodSSE          0          0          0          0          0.0e+00      0.0e+00
    4107         21    2.3e-04    2.3e-04    5.7e-08   DemodSSE          0          0          0          0          0.0e+00      0.0e+00
    4107         21    2.6e-04    2.6e-04    6.3e-08   DemodSSE          0          0          0          0          0.0e+00      0.0e+00
    4107         21    2.6e-04    2.6e-04    6.3e-08   DemodSSE          0          0          0          0          0.0e+00      0.0e+00
    4107         21    2.7e-04    2.7e-04    6.6e-08   DemodSSE          0          0          0          0          0.0e+00      0.0e+00
    4107         21    2.4e-04    2.4e-04    5.8e-08   DemodSSE          0          0          0          0          0.0e+00      0.0e+00
    4107         21    2.5e-04    2.5e-04    6.0e-08   DemodSSE          0          0          0          0          0.0e+00      0.0e+00
    4107         21    2.8e-04    2.8e-04    6.8e-08   DemodSSE          0          0          0          0          0.0e+00      0.0e+00
    4107         21    2.3e-04    2.3e-04    5.6e-08   DemodSSE          0          0          0          0          0.0e+00      0.0e+00
    4107         21    2.5e-04    2.5e-04    6.0e-08   DemodSSE          0          0          0          0          0.0e+00      0.0e+00
    4107         21    2.5e-04    2.5e-04    6.0e-08   DemodSSE          0          0          0          0          0.0e+00      0.0e+00
    4107         21    2.5e-04    2.6e-04    6.1e-08   DemodSSE          0          0          0          0          0.0e+00      0.0e+00
    4107         21    2.4e-04    2.4e-04    5.9e-08   DemodSSE          0          0          0          0          0.0e+00      0.0e+00
    4107         21    2.5e-04    2.5e-04    6.0e-08   DemodSSE          0          0          0          0          0.0e+00      0.0e+00
    4107         21    2.6e-04    2.6e-04    6.3e-08   DemodSSE          0          0          0          0          0.0e+00      0.0e+00
    4107         21    2.4e-04    2.4e-04    5.7e-08   DemodSSE          0          0          0          0          0.0e+00      0.0e+00
    4107         21    2.8e-04    2.8e-04    6.7e-08   DemodSSE          0          0          0          0          0.0e+00      0.0e+00
    4107         21    3.2e-04    3.3e-04    7.9e-08   DemodSSE          0          0          0          0          0.0e+00      0.0e+00
    4107         21    2.6e-04    2.6e-04    6.3e-08   DemodSSE          0          0          0          0          0.0e+00      0.0e+00
    4107         21    2.4e-04    2.4e-04    5.9e-08   DemodSSE          0          0          0          0          0.0e+00      0.0e+00
    4107         21    2.4e-04    2.5e-04    5.9e-08   DemodSSE          0          0          0          0          0.0e+00      0.0e+00
    4107         21    2.5e-04    2.5e-04    6.2e-08   DemodSSE          0          0          0          0          0.0e+00      0.0e+00
    4107         21    2.3e-04    2.3e-04    5.7e-08   DemodSSE          0          0          0          0          0.0e+00      0.0e+00
    4107         21    2.5e-04    2.6e-04    6.1e-08   DemodSSE          0          0          0          0          0.0e+00      0.0e+00
    4107         21    2.4e-04    2.5e-04    6.0e-08   DemodSSE          0          0          0          0          0.0e+00      0.0e+00
    4107         21    2.7e-04    2.8e-04    6.6e-08   DemodSSE          0          0          0          0          0.0e+00      0.0e+00
    4107         21    2.8e-04    2.8e-04    6.7e-08   DemodSSE          0          0          0          0          0.0e+00      0.0e+00
    4107         21    2.7e-04    2.8e-04    6.6e-08   DemodSSE          0          0          0          0          0.0e+00      0.0e+00
    4107         21    3.1e-04    3.1e-04    7.5e-08   DemodSSE          0          0          0          0          0.0e+00      0.0e+00
    4107         21    2.6e-04    2.6e-04    6.3e-08   DemodSSE          0          0          0          0          0.0e+00      0.0e+00
    4107         21    2.7e-04    2.7e-04    6.6e-08   DemodSSE          0          0          0          0          0.0e+00      0.0e+00
    4107         21    2.7e-04    2.8e-04    6.7e-08   DemodSSE          0          0          0          0          0.0e+00      0.0e+00
    4107         21    3.2e-04    3.2e-04    7.8e-08   DemodSSE          0          0          0          0          0.0e+00      0.0e+00
    4107         21    2.7e-04    2.7e-04    6.5e-08   DemodSSE          0          0          0          0          0.0e+00      0.0e+00
    4107         21    2.5e-04    2.5e-04    6.1e-08   DemodSSE          0          0          0          0          0.0e+00      0.0e+00
    4107         21    2.5e-04    2.5e-04    6.1e-08   DemodSSE          0          0          0          0          0.0e+00      0.0e+00
    4107         21    2.4e-04    2.4e-04    5.8e-08   DemodSSE          0          0          0          0          0.0e+00      0.0e+00
    4107         21    2.4e-04    2.4e-04    5.8e-08   DemodSSE          0          0          0          0          0.0e+00      0.0e+00
    4107         21    2.4e-04    2.5e-04    6.0e-08   DemodSSE          0          0          0          0          0.0e+00      0.0e+00
    4107         21    2.5e-04    2.6e-04    6.1e-08   DemodSSE          0          0          0          0          0.0e+00      0.0e+00
    4107         21    2.6e-04    2.7e-04    6.3e-08   DemodSSE          0          0          0          0          0.0e+00      0.0e+00
    4107         21    2.2e-04    2.3e-04    5.4e-08   DemodSSE          0          0          0          0          0.0e+00      0.0e+00
    4107         21    2.3e-04    2.3e-04    5.5e-08   DemodSSE          0          0          0          0          0.0e+00      0.0e+00
    4107         21    2.4e-04    2.4e-04    5.7e-08   DemodSSE          0          0          0          0          0.0e+00      0.0e+00
    4107         21    2.4e-04    2.4e-04    5.7e-08   DemodSSE          0          0          0          0          0.0e+00      0.0e+00
    4107         21    2.3e-04    2.4e-04    5.7e-08   DemodSSE          0          0          0          0          0.0e+00      0.0e+00
    4107         21    2.3e-04    2.3e-04    5.6e-08   DemodSSE          0          0          0          0          0.0e+00      0.0e+00
    4107         21    2.1e-04    2.2e-04    5.2e-08   DemodSSE          0          0          0          0          0.0e+00      0.0e+00
    4107         21    2.5e-04    2.5e-04    6.0e-08   DemodSSE          0          0          0          0          0.0e+00      0.0e+00
    4107         21    2.3e-04    2.3e-04    5.6e-08   DemodSSE          0          0          0          0          0.0e+00      0.0e+00
    4107         21    2.4e-04    2.4e-04    5.9e-08   DemodSSE          0          0          0          0          0.0e+00      0.0e+00
    4107         21    2.2e-04    2.3e-04    5.4e-08   DemodSSE          0          0          0          0          0.0e+00      0.0e+00
    4107         21    2.4e-04    2.4e-04    5.8e-08   DemodSSE          0          0          0          0          0.0e+00      0.0e+00
    4107         21    2.8e-04    2.9e-04    6.9e-08   DemodSSE          0          0          0          0          0.0e+00      0.0e+00
    4107         21    2.6e-04    2.6e-04    6.3e-08   DemodSSE          0          0          0          0          0.0e+00      0.0e+00
    4107         21    2.6e-04    2.6e-04    6.4e-08   DemodSSE          0          0          0          0          0.0e+00      0.0e+00
    4107         21    2.4e-04    2.4e-04    5.8e-08   DemodSSE          0          0          0          0          0.0e+00      0.0e+00
    4107         21    2.6e-04    2.6e-04    6.2e-08   DemodSSE          0          0          0          0          0.0e+00      0.0e+00
    4107         21    2.4e-04    2.5e-04    6.0e-08   DemodSSE          0          0          0          0          0.0e+00      0.0e+00
    4107         21    2.4e-04    2.4e-04    5.9e-08   DemodSSE          0          0          0          0          0.0e+00      0.0e+00
    4107         21    2.5e-04    2.5e-04    6.0e-08   DemodSSE          0          0          0          0          0.0e+00      0.0e+00
    4107         21    2.4e-04    2.4e-04    5.9e-08   DemodSSE          0          0          0          0          0.0e+00      0.0e+00
    4107         21    3.0e-04    3.0e-04    7.4e-08   DemodSSE          0          0          0          0          0.0e+00      0.0e+00
    4107         21    2.8e-04    2.9e-04    6.9e-08   DemodSSE          0          0          0          0          0.0e+00      0.0e+00
    4107         21    2.6e-04    2.6e-04    6.2e-08   DemodSSE          0          0          0          0          0.0e+00      0.0e+00
    4107         21    3.2e-04    3.2e-04    7.9e-08   DemodSSE          0          0          0          0          0.0e+00      0.0e+00
    4107         21    2.4e-04    2.5e-04    5.9e-08   DemodSSE          0          0          0          0          0.0e+00      0.0e+00
    4107         21    2.5e-04    2.5e-04    6.0e-08   DemodSSE          0          0          0          0          0.0e+00      0.0e+00
    4107         21    2.6e-04    2.6e-04    6.3e-08   DemodSSE          0          0          0          0          0.0e+00      0.0e+00
    4107         21    2.5e-04    2.5e-04    6.1e-08   DemodSSE          0          0          0          0          0.0e+00      0.0e+00
    4107         21    2.5e-04    2.6e-04    6.2e-08   DemodSSE          0          0          0          0          0.0e+00      0.0e+00
    4107         21    2.4e-04    2.4e-04    5.8e-08   DemodSSE          0          0          0          0          0.0e+00      0.0e+00
    4107         21    2.5e-04    2.5e-04    6.1e-08   DemodSSE          0          0          0          0          0.0e+00      0.0e+00
    4107         21    2.7e-04    2.7e-04    6.5e-08   DemodSSE          0          0          0          0          0.0e+00      0.0e+00
    4107         21    2.4e-04    2.4e-04    5.7e-08   DemodSSE          0          0          0          0          0.0e+00      0.0e+00
    4107         21    2.6e-04    2.6e-04    6.4e-08   DemodSSE          0          0          0          0          0.0e+00      0.0e+00
    4107         21    2.4e-04    2.4e-04    6.0e-08   DemodSSE          0          0          0          0          0.0e+00      0.0e+00
    4107         21    2.4e-04    2.5e-04    5.9e-08   DemodSSE          0          0          0          0          0.0e+00      0.0e+00
    4107         21    2.6e-04    2.6e-04    6.2e-08   DemodSSE          0          0          0          0          0.0e+00      0.0e+00
    4107         21    2.5e-04    2.5e-04    6.0e-08   DemodSSE          0          0          0          0          0.0e+00      0.0e+00
    4107         21    2.5e-04    2.6e-04    6.1e-08   DemodSSE          0          0          0          0          0.0e+00      0.0e+00
    4107         21    2.4e-04    2.4e-04    5.8e-08   DemodSSE          0          0          0          0          0.0e+00      0.0e+00
