%% cmdline: /home/m206265/.local/bin/lalapps_ComputeFstatistic_v2 --Alpha=1.45968 --Delta=0.38422 --Freq=60.00099993884584 --f1dot=-3.775841702673933e-10 --f2dot=-3.109837549580435e-20 --FreqBand=1.240645955462455e-07 --f1dotBand=1.038331585877457e-13 --f2dotBand=8.496484308199493e-20 --dFreq=1.132549626140561e-08 --df1dot=9.478627195919931e-15 --df2dot=7.756193525149231e-21 --DataFiles="/home/m206265/lalapps_work/SFTinj/*.sft" --assumeSqrtSX="0.00751" --refTime=1171754150 --outputFstat="/home/m206265/lalapps_work/mismatchNewGrid/SNR_GridLoud_mism01_1.txt" --NumCandidatesToKeep=1 --FstatMethod=DemodSSE --outputTiming="/home/m206265/lalapps_work/mismatchNewGrid/Timing_SNR_GridLoud_mism01.txt"
%% LAL: 7.1.5 (UNCLEAN 53aa4afe025550f99f1042f83420085e09e6a5fc)
%% LALFrame: 1.6.0 (UNCLEAN 53aa4afe025550f99f1042f83420085e09e6a5fc)
%% LALMetaIO: 2.1.0 (UNCLEAN 53aa4afe025550f99f1042f83420085e09e6a5fc)
%% LALSimulation: 3.1.0 (UNCLEAN 53aa4afe025550f99f1042f83420085e09e6a5fc)
%% LALBurst: 1.5.10 (UNCLEAN 53aa4afe025550f99f1042f83420085e09e6a5fc)
%% LALInspiral: 2.0.4 (UNCLEAN 53aa4afe025550f99f1042f83420085e09e6a5fc)
%% LALPulsar: 3.1.1 (UNCLEAN 53aa4afe025550f99f1042f83420085e09e6a5fc)
%% LALInference: 3.0.1 (UNCLEAN 53aa4afe025550f99f1042f83420085e09e6a5fc)
%% LALApps: 7.4.0 (UNCLEAN 53aa4afe025550f99f1042f83420085e09e6a5fc)
%% NSFTs      NFreq    tauF[s] tauFEff[s]   tauF0[s] FstatMethod     tauMin     tauMax     NStart       NTau tauTransFstatMap tauTransMarg
    4107         11    3.5e-04    3.5e-04    8.6e-08   DemodSSE          0          0          0          0          0.0e+00      0.0e+00
    4107         11    3.4e-04    3.4e-04    8.3e-08   DemodSSE          0          0          0          0          0.0e+00      0.0e+00
    4107         11    3.4e-04    3.4e-04    8.3e-08   DemodSSE          0          0          0          0          0.0e+00      0.0e+00
    4107         11    3.8e-04    3.8e-04    9.1e-08   DemodSSE          0          0          0          0          0.0e+00      0.0e+00
    4107         11    3.5e-04    3.6e-04    8.6e-08   DemodSSE          0          0          0          0          0.0e+00      0.0e+00
    4107         11    3.3e-04    3.5e-04    8.0e-08   DemodSSE          0          0          0          0          0.0e+00      0.0e+00
    4107         11    3.3e-04    3.3e-04    8.0e-08   DemodSSE          0          0          0          0          0.0e+00      0.0e+00
    4107         11    2.9e-04    2.9e-04    7.1e-08   DemodSSE          0          0          0          0          0.0e+00      0.0e+00
    4107         11    3.4e-04    3.5e-04    8.3e-08   DemodSSE          0          0          0          0          0.0e+00      0.0e+00
    4107         11    3.6e-04    3.6e-04    8.9e-08   DemodSSE          0          0          0          0          0.0e+00      0.0e+00
    4107         11    3.5e-04    3.6e-04    8.6e-08   DemodSSE          0          0          0          0          0.0e+00      0.0e+00
    4107         11    3.2e-04    3.2e-04    7.7e-08   DemodSSE          0          0          0          0          0.0e+00      0.0e+00
    4107         11    3.5e-04    3.5e-04    8.6e-08   DemodSSE          0          0          0          0          0.0e+00      0.0e+00
    4107         11    3.8e-04    3.8e-04    9.1e-08   DemodSSE          0          0          0          0          0.0e+00      0.0e+00
    4107         11    3.6e-04    3.6e-04    8.9e-08   DemodSSE          0          0          0          0          0.0e+00      0.0e+00
    4107         11    3.6e-04    3.6e-04    8.9e-08   DemodSSE          0          0          0          0          0.0e+00      0.0e+00
    4107         11    3.4e-04    3.5e-04    8.3e-08   DemodSSE          0          0          0          0          0.0e+00      0.0e+00
    4107         11    3.3e-04    3.3e-04    8.0e-08   DemodSSE          0          0          0          0          0.0e+00      0.0e+00
    4107         11    4.1e-04    4.1e-04    1.0e-07   DemodSSE          0          0          0          0          0.0e+00      0.0e+00
    4107         11    3.9e-04    3.9e-04    9.4e-08   DemodSSE          0          0          0          0          0.0e+00      0.0e+00
    4107         11    3.4e-04    3.5e-04    8.3e-08   DemodSSE          0          0          0          0          0.0e+00      0.0e+00
    4107         11    3.3e-04    3.6e-04    8.0e-08   DemodSSE          0          0          0          0          0.0e+00      0.0e+00
    4107         11    3.2e-04    3.2e-04    7.7e-08   DemodSSE          0          0          0          0          0.0e+00      0.0e+00
    4107         11    3.6e-04    3.6e-04    8.9e-08   DemodSSE          0          0          0          0          0.0e+00      0.0e+00
    4107         11    6.5e-04    6.5e-04    1.6e-07   DemodSSE          0          0          0          0          0.0e+00      0.0e+00
    4107         11    3.1e-04    3.1e-04    7.4e-08   DemodSSE          0          0          0          0          0.0e+00      0.0e+00
    4107         11    2.9e-04    2.9e-04    7.1e-08   DemodSSE          0          0          0          0          0.0e+00      0.0e+00
    4107         11    3.2e-04    3.2e-04    7.7e-08   DemodSSE          0          0          0          0          0.0e+00      0.0e+00
    4107         11    3.8e-04    3.8e-04    9.1e-08   DemodSSE          0          0          0          0          0.0e+00      0.0e+00
    4107         11    2.8e-04    2.8e-04    6.9e-08   DemodSSE          0          0          0          0          0.0e+00      0.0e+00
    4107         11    2.7e-04    2.7e-04    6.6e-08   DemodSSE          0          0          0          0          0.0e+00      0.0e+00
    4107         11    2.8e-04    2.8e-04    6.9e-08   DemodSSE          0          0          0          0          0.0e+00      0.0e+00
    4107         11    2.7e-04    2.7e-04    6.6e-08   DemodSSE          0          0          0          0          0.0e+00      0.0e+00
    4107         11    3.2e-04    3.2e-04    7.7e-08   DemodSSE          0          0          0          0          0.0e+00      0.0e+00
    4107         11    3.2e-04    3.2e-04    7.7e-08   DemodSSE          0          0          0          0          0.0e+00      0.0e+00
    4107         11    2.9e-04    2.9e-04    7.1e-08   DemodSSE          0          0          0          0          0.0e+00      0.0e+00
    4107         11    3.3e-04    3.3e-04    8.0e-08   DemodSSE          0          0          0          0          0.0e+00      0.0e+00
    4107         11    2.9e-04    2.9e-04    7.1e-08   DemodSSE          0          0          0          0          0.0e+00      0.0e+00
    4107         11    2.8e-04    2.8e-04    6.9e-08   DemodSSE          0          0          0          0          0.0e+00      0.0e+00
    4107         11    2.8e-04    2.8e-04    6.9e-08   DemodSSE          0          0          0          0          0.0e+00      0.0e+00
    4107         11    3.6e-04    3.6e-04    8.9e-08   DemodSSE          0          0          0          0          0.0e+00      0.0e+00
    4107         11    3.3e-04    3.3e-04    8.0e-08   DemodSSE          0          0          0          0          0.0e+00      0.0e+00
    4107         11    2.8e-04    2.9e-04    6.9e-08   DemodSSE          0          0          0          0          0.0e+00      0.0e+00
    4107         11    3.4e-04    3.4e-04    8.3e-08   DemodSSE          0          0          0          0          0.0e+00      0.0e+00
    4107         11    3.1e-04    3.1e-04    7.4e-08   DemodSSE          0          0          0          0          0.0e+00      0.0e+00
    4107         11    2.5e-04    2.5e-04    6.0e-08   DemodSSE          0          0          0          0          0.0e+00      0.0e+00
    4107         11    2.3e-04    2.3e-04    5.7e-08   DemodSSE          0          0          0          0          0.0e+00      0.0e+00
    4107         11    2.8e-04    2.8e-04    6.9e-08   DemodSSE          0          0          0          0          0.0e+00      0.0e+00
    4107         11    2.8e-04    2.8e-04    6.9e-08   DemodSSE          0          0          0          0          0.0e+00      0.0e+00
    4107         11    2.6e-04    2.6e-04    6.3e-08   DemodSSE          0          0          0          0          0.0e+00      0.0e+00
    4107         11    2.5e-04    2.7e-04    6.0e-08   DemodSSE          0          0          0          0          0.0e+00      0.0e+00
    4107         11    2.8e-04    2.9e-04    6.9e-08   DemodSSE          0          0          0          0          0.0e+00      0.0e+00
    4107         11    3.9e-04    3.9e-04    9.4e-08   DemodSSE          0          0          0          0          0.0e+00      0.0e+00
    4107         11    2.8e-04    2.8e-04    6.9e-08   DemodSSE          0          0          0          0          0.0e+00      0.0e+00
    4107         11    3.3e-04    3.3e-04    8.0e-08   DemodSSE          0          0          0          0          0.0e+00      0.0e+00
    4107         11    2.9e-04    2.9e-04    7.1e-08   DemodSSE          0          0          0          0          0.0e+00      0.0e+00
    4107         11    2.7e-04    2.8e-04    6.6e-08   DemodSSE          0          0          0          0          0.0e+00      0.0e+00
    4107         11    3.5e-04    3.5e-04    8.6e-08   DemodSSE          0          0          0          0          0.0e+00      0.0e+00
    4107         11    3.4e-04    3.6e-04    8.3e-08   DemodSSE          0          0          0          0          0.0e+00      0.0e+00
    4107         11    3.2e-04    3.2e-04    7.7e-08   DemodSSE          0          0          0          0          0.0e+00      0.0e+00
    4107         11    2.8e-04    2.8e-04    6.9e-08   DemodSSE          0          0          0          0          0.0e+00      0.0e+00
    4107         11    3.5e-04    3.6e-04    8.6e-08   DemodSSE          0          0          0          0          0.0e+00      0.0e+00
    4107         11    2.7e-04    2.7e-04    6.6e-08   DemodSSE          0          0          0          0          0.0e+00      0.0e+00
    4107         11    2.8e-04    2.8e-04    6.9e-08   DemodSSE          0          0          0          0          0.0e+00      0.0e+00
    4107         11    2.8e-04    2.8e-04    6.9e-08   DemodSSE          0          0          0          0          0.0e+00      0.0e+00
    4107         11    2.3e-04    2.5e-04    5.7e-08   DemodSSE          0          0          0          0          0.0e+00      0.0e+00
    4107         11    2.8e-04    2.8e-04    6.9e-08   DemodSSE          0          0          0          0          0.0e+00      0.0e+00
    4107         11    2.7e-04    2.7e-04    6.6e-08   DemodSSE          0          0          0          0          0.0e+00      0.0e+00
    4107         11    2.9e-04    3.1e-04    7.1e-08   DemodSSE          0          0          0          0          0.0e+00      0.0e+00
    4107         11    2.7e-04    2.8e-04    6.6e-08   DemodSSE          0          0          0          0          0.0e+00      0.0e+00
    4107         11    2.6e-04    2.6e-04    6.3e-08   DemodSSE          0          0          0          0          0.0e+00      0.0e+00
    4107         11    2.9e-04    2.9e-04    7.1e-08   DemodSSE          0          0          0          0          0.0e+00      0.0e+00
    4107         11    2.8e-04    2.8e-04    6.9e-08   DemodSSE          0          0          0          0          0.0e+00      0.0e+00
    4107         11    2.8e-04    2.8e-04    6.9e-08   DemodSSE          0          0          0          0          0.0e+00      0.0e+00
    4107         11    2.9e-04    2.9e-04    7.1e-08   DemodSSE          0          0          0          0          0.0e+00      0.0e+00
    4107         11    2.8e-04    2.8e-04    6.9e-08   DemodSSE          0          0          0          0          0.0e+00      0.0e+00
    4107         11    2.9e-04    2.9e-04    7.1e-08   DemodSSE          0          0          0          0          0.0e+00      0.0e+00
    4107         11    3.2e-04    3.2e-04    7.7e-08   DemodSSE          0          0          0          0          0.0e+00      0.0e+00
    4107         11    2.7e-04    2.7e-04    6.6e-08   DemodSSE          0          0          0          0          0.0e+00      0.0e+00
    4107         11    2.9e-04    2.9e-04    7.1e-08   DemodSSE          0          0          0          0          0.0e+00      0.0e+00
    4107         11    2.8e-04    2.8e-04    6.9e-08   DemodSSE          0          0          0          0          0.0e+00      0.0e+00
    4107         11    3.2e-04    3.2e-04    7.7e-08   DemodSSE          0          0          0          0          0.0e+00      0.0e+00
    4107         11    2.9e-04    2.9e-04    7.1e-08   DemodSSE          0          0          0          0          0.0e+00      0.0e+00
    4107         11    3.3e-04    3.3e-04    8.0e-08   DemodSSE          0          0          0          0          0.0e+00      0.0e+00
    4107         11    2.8e-04    2.9e-04    6.9e-08   DemodSSE          0          0          0          0          0.0e+00      0.0e+00
    4107         11    3.2e-04    3.2e-04    7.7e-08   DemodSSE          0          0          0          0          0.0e+00      0.0e+00
    4107         11    3.2e-04    3.2e-04    7.7e-08   DemodSSE          0          0          0          0          0.0e+00      0.0e+00
    4107         11    2.7e-04    2.7e-04    6.6e-08   DemodSSE          0          0          0          0          0.0e+00      0.0e+00
    4107         11    2.7e-04    2.7e-04    6.6e-08   DemodSSE          0          0          0          0          0.0e+00      0.0e+00
    4107         11    2.8e-04    2.9e-04    6.9e-08   DemodSSE          0          0          0          0          0.0e+00      0.0e+00
    4107         11    3.6e-04    3.8e-04    8.9e-08   DemodSSE          0          0          0          0          0.0e+00      0.0e+00
    4107         11    2.8e-04    2.8e-04    6.9e-08   DemodSSE          0          0          0          0          0.0e+00      0.0e+00
    4107         11    2.8e-04    2.8e-04    6.9e-08   DemodSSE          0          0          0          0          0.0e+00      0.0e+00
    4107         11    3.2e-04    3.2e-04    7.7e-08   DemodSSE          0          0          0          0          0.0e+00      0.0e+00
    4107         11    2.8e-04    2.8e-04    6.9e-08   DemodSSE          0          0          0          0          0.0e+00      0.0e+00
    4107         11    2.8e-04    2.8e-04    6.9e-08   DemodSSE          0          0          0          0          0.0e+00      0.0e+00
    4107         11    3.4e-04    3.4e-04    8.3e-08   DemodSSE          0          0          0          0          0.0e+00      0.0e+00
    4107         11    2.7e-04    2.8e-04    6.6e-08   DemodSSE          0          0          0          0          0.0e+00      0.0e+00
    4107         11    3.1e-04    3.1e-04    7.4e-08   DemodSSE          0          0          0          0          0.0e+00      0.0e+00
    4107         11    2.9e-04    3.1e-04    7.1e-08   DemodSSE          0          0          0          0          0.0e+00      0.0e+00
    4107         21    2.5e-04    2.5e-04    6.1e-08   DemodSSE          0          0          0          0          0.0e+00      0.0e+00
    4107         21    3.0e-04    3.1e-04    7.4e-08   DemodSSE          0          0          0          0          0.0e+00      0.0e+00
    4107         21    2.2e-04    2.2e-04    5.3e-08   DemodSSE          0          0          0          0          0.0e+00      0.0e+00
    4107         21    2.1e-04    2.2e-04    5.2e-08   DemodSSE          0          0          0          0          0.0e+00      0.0e+00
    4107         21    2.1e-04    2.2e-04    5.2e-08   DemodSSE          0          0          0          0          0.0e+00      0.0e+00
    4107         21    2.5e-04    2.5e-04    6.2e-08   DemodSSE          0          0          0          0          0.0e+00      0.0e+00
    4107         21    2.1e-04    2.2e-04    5.2e-08   DemodSSE          0          0          0          0          0.0e+00      0.0e+00
    4107         21    2.5e-04    2.6e-04    6.2e-08   DemodSSE          0          0          0          0          0.0e+00      0.0e+00
    4107         21    2.2e-04    2.2e-04    5.3e-08   DemodSSE          0          0          0          0          0.0e+00      0.0e+00
    4107         21    2.2e-04    2.2e-04    5.3e-08   DemodSSE          0          0          0          0          0.0e+00      0.0e+00
    4107         21    2.3e-04    2.3e-04    5.6e-08   DemodSSE          0          0          0          0          0.0e+00      0.0e+00
    4107         21    2.2e-04    2.3e-04    5.4e-08   DemodSSE          0          0          0          0          0.0e+00      0.0e+00
    4107         21    2.4e-04    2.4e-04    5.8e-08   DemodSSE          0          0          0          0          0.0e+00      0.0e+00
    4107         21    2.5e-04    2.5e-04    6.1e-08   DemodSSE          0          0          0          0          0.0e+00      0.0e+00
    4107         21    3.0e-04    3.0e-04    7.2e-08   DemodSSE          0          0          0          0          0.0e+00      0.0e+00
    4107         21    2.5e-04    2.6e-04    6.2e-08   DemodSSE          0          0          0          0          0.0e+00      0.0e+00
    4107         21    2.3e-04    2.3e-04    5.6e-08   DemodSSE          0          0          0          0          0.0e+00      0.0e+00
    4107         21    2.3e-04    2.3e-04    5.6e-08   DemodSSE          0          0          0          0          0.0e+00      0.0e+00
    4107         21    2.3e-04    2.3e-04    5.6e-08   DemodSSE          0          0          0          0          0.0e+00      0.0e+00
    4107         21    2.8e-04    2.8e-04    6.7e-08   DemodSSE          0          0          0          0          0.0e+00      0.0e+00
    4107         21    2.1e-04    2.2e-04    5.2e-08   DemodSSE          0          0          0          0          0.0e+00      0.0e+00
    4107         21    2.2e-04    2.2e-04    5.3e-08   DemodSSE          0          0          0          0          0.0e+00      0.0e+00
    4107         21    2.2e-04    2.2e-04    5.3e-08   DemodSSE          0          0          0          0          0.0e+00      0.0e+00
    4107         21    2.3e-04    2.3e-04    5.5e-08   DemodSSE          0          0          0          0          0.0e+00      0.0e+00
    4107         21    2.4e-04    2.4e-04    5.8e-08   DemodSSE          0          0          0          0          0.0e+00      0.0e+00
    4107         21    2.4e-04    2.4e-04    5.8e-08   DemodSSE          0          0          0          0          0.0e+00      0.0e+00
    4107         21    2.4e-04    2.5e-04    5.9e-08   DemodSSE          0          0          0          0          0.0e+00      0.0e+00
    4107         21    2.8e-04    2.8e-04    6.8e-08   DemodSSE          0          0          0          0          0.0e+00      0.0e+00
    4107         21    2.7e-04    2.8e-04    6.6e-08   DemodSSE          0          0          0          0          0.0e+00      0.0e+00
    4107         21    3.1e-04    3.1e-04    7.5e-08   DemodSSE          0          0          0          0          0.0e+00      0.0e+00
    4107         21    3.1e-04    3.1e-04    7.5e-08   DemodSSE          0          0          0          0          0.0e+00      0.0e+00
    4107         21    2.9e-04    2.9e-04    7.0e-08   DemodSSE          0          0          0          0          0.0e+00      0.0e+00
    4107         21    2.6e-04    2.6e-04    6.3e-08   DemodSSE          0          0          0          0          0.0e+00      0.0e+00
    4107         21    2.1e-04    2.1e-04    5.1e-08   DemodSSE          0          0          0          0          0.0e+00      0.0e+00
    4107         21    2.4e-04    2.5e-04    5.9e-08   DemodSSE          0          0          0          0          0.0e+00      0.0e+00
    4107         21    2.2e-04    2.3e-04    5.5e-08   DemodSSE          0          0          0          0          0.0e+00      0.0e+00
    4107         21    2.1e-04    2.1e-04    5.1e-08   DemodSSE          0          0          0          0          0.0e+00      0.0e+00
    4107         21    2.4e-04    2.4e-04    5.9e-08   DemodSSE          0          0          0          0          0.0e+00      0.0e+00
    4107         21    2.3e-04    2.3e-04    5.6e-08   DemodSSE          0          0          0          0          0.0e+00      0.0e+00
    4107         21    2.5e-04    2.5e-04    6.0e-08   DemodSSE          0          0          0          0          0.0e+00      0.0e+00
    4107         21    2.3e-04    2.3e-04    5.5e-08   DemodSSE          0          0          0          0          0.0e+00      0.0e+00
    4107         21    2.2e-04    2.3e-04    5.4e-08   DemodSSE          0          0          0          0          0.0e+00      0.0e+00
    4107         21    2.4e-04    2.5e-04    6.0e-08   DemodSSE          0          0          0          0          0.0e+00      0.0e+00
    4107         21    2.3e-04    2.4e-04    5.7e-08   DemodSSE          0          0          0          0          0.0e+00      0.0e+00
    4107         21    2.6e-04    2.6e-04    6.3e-08   DemodSSE          0          0          0          0          0.0e+00      0.0e+00
    4107         21    2.3e-04    2.3e-04    5.6e-08   DemodSSE          0          0          0          0          0.0e+00      0.0e+00
    4107         21    2.8e-04    2.9e-04    6.8e-08   DemodSSE          0          0          0          0          0.0e+00      0.0e+00
    4107         21    3.3e-04    3.3e-04    8.1e-08   DemodSSE          0          0          0          0          0.0e+00      0.0e+00
    4107         21    3.1e-04    3.1e-04    7.6e-08   DemodSSE          0          0          0          0          0.0e+00      0.0e+00
    4107         21    2.5e-04    2.5e-04    6.2e-08   DemodSSE          0          0          0          0          0.0e+00      0.0e+00
    4107         21    2.5e-04    2.6e-04    6.2e-08   DemodSSE          0          0          0          0          0.0e+00      0.0e+00
    4107         21    2.3e-04    2.4e-04    5.7e-08   DemodSSE          0          0          0          0          0.0e+00      0.0e+00
    4107         21    3.0e-04    3.1e-04    7.4e-08   DemodSSE          0          0          0          0          0.0e+00      0.0e+00
    4107         21    2.6e-04    2.6e-04    6.2e-08   DemodSSE          0          0          0          0          0.0e+00      0.0e+00
    4107         21    2.8e-04    2.8e-04    6.8e-08   DemodSSE          0          0          0          0          0.0e+00      0.0e+00
    4107         21    2.3e-04    2.4e-04    5.6e-08   DemodSSE          0          0          0          0          0.0e+00      0.0e+00
    4107         21    2.4e-04    2.4e-04    5.8e-08   DemodSSE          0          0          0          0          0.0e+00      0.0e+00
    4107         21    2.4e-04    2.4e-04    5.8e-08   DemodSSE          0          0          0          0          0.0e+00      0.0e+00
    4107         21    2.5e-04    2.5e-04    6.0e-08   DemodSSE          0          0          0          0          0.0e+00      0.0e+00
    4107         21    2.4e-04    2.4e-04    5.8e-08   DemodSSE          0          0          0          0          0.0e+00      0.0e+00
    4107         21    2.6e-04    2.6e-04    6.3e-08   DemodSSE          0          0          0          0          0.0e+00      0.0e+00
    4107         21    2.6e-04    2.7e-04    6.4e-08   DemodSSE          0          0          0          0          0.0e+00      0.0e+00
    4107         21    2.4e-04    2.5e-04    5.9e-08   DemodSSE          0          0          0          0          0.0e+00      0.0e+00
    4107         21    2.8e-04    2.8e-04    6.7e-08   DemodSSE          0          0          0          0          0.0e+00      0.0e+00
    4107         21    3.2e-04    3.3e-04    7.9e-08   DemodSSE          0          0          0          0          0.0e+00      0.0e+00
    4107         21    3.9e-04    3.9e-04    9.4e-08   DemodSSE          0          0          0          0          0.0e+00      0.0e+00
    4107         21    3.5e-04    3.6e-04    8.6e-08   DemodSSE          0          0          0          0          0.0e+00      0.0e+00
    4107         21    2.8e-04    2.8e-04    6.8e-08   DemodSSE          0          0          0          0          0.0e+00      0.0e+00
    4107         21    2.5e-04    2.5e-04    6.0e-08   DemodSSE          0          0          0          0          0.0e+00      0.0e+00
    4107         21    2.8e-04    2.9e-04    6.9e-08   DemodSSE          0          0          0          0          0.0e+00      0.0e+00
    4107         21    2.8e-04    2.8e-04    6.7e-08   DemodSSE          0          0          0          0          0.0e+00      0.0e+00
    4107         21    2.8e-04    2.8e-04    6.7e-08   DemodSSE          0          0          0          0          0.0e+00      0.0e+00
    4107         21    2.6e-04    2.6e-04    6.4e-08   DemodSSE          0          0          0          0          0.0e+00      0.0e+00
    4107         21    2.3e-04    2.3e-04    5.7e-08   DemodSSE          0          0          0          0          0.0e+00      0.0e+00
    4107         21    2.5e-04    2.6e-04    6.2e-08   DemodSSE          0          0          0          0          0.0e+00      0.0e+00
    4107         21    2.5e-04    2.5e-04    6.0e-08   DemodSSE          0          0          0          0          0.0e+00      0.0e+00
    4107         21    2.3e-04    2.4e-04    5.7e-08   DemodSSE          0          0          0          0          0.0e+00      0.0e+00
    4107         21    2.4e-04    2.4e-04    5.8e-08   DemodSSE          0          0          0          0          0.0e+00      0.0e+00
    4107         21    2.5e-04    2.6e-04    6.0e-08   DemodSSE          0          0          0          0          0.0e+00      0.0e+00
    4107         21    3.4e-04    3.4e-04    8.2e-08   DemodSSE          0          0          0          0          0.0e+00      0.0e+00
    4107         21    2.9e-04    2.9e-04    7.0e-08   DemodSSE          0          0          0          0          0.0e+00      0.0e+00
    4107         21    2.3e-04    2.3e-04    5.6e-08   DemodSSE          0          0          0          0          0.0e+00      0.0e+00
    4107         21    2.3e-04    2.4e-04    5.7e-08   DemodSSE          0          0          0          0          0.0e+00      0.0e+00
    4107         21    2.4e-04    2.5e-04    6.0e-08   DemodSSE          0          0          0          0          0.0e+00      0.0e+00
    4107         21    2.6e-04    2.6e-04    6.2e-08   DemodSSE          0          0          0          0          0.0e+00      0.0e+00
    4107         21    2.5e-04    2.5e-04    6.1e-08   DemodSSE          0          0          0          0          0.0e+00      0.0e+00
    4107         21    2.4e-04    2.4e-04    5.8e-08   DemodSSE          0          0          0          0          0.0e+00      0.0e+00
    4107         21    2.4e-04    2.4e-04    5.9e-08   DemodSSE          0          0          0          0          0.0e+00      0.0e+00
    4107         21    2.1e-04    2.1e-04    5.1e-08   DemodSSE          0          0          0          0          0.0e+00      0.0e+00
    4107         21    2.4e-04    2.4e-04    5.8e-08   DemodSSE          0          0          0          0          0.0e+00      0.0e+00
    4107         21    2.2e-04    2.2e-04    5.3e-08   DemodSSE          0          0          0          0          0.0e+00      0.0e+00
    4107         21    2.3e-04    2.3e-04    5.5e-08   DemodSSE          0          0          0          0          0.0e+00      0.0e+00
    4107         21    2.7e-04    2.7e-04    6.6e-08   DemodSSE          0          0          0          0          0.0e+00      0.0e+00
    4107         21    2.3e-04    2.4e-04    5.7e-08   DemodSSE          0          0          0          0          0.0e+00      0.0e+00
    4107         21    2.4e-04    2.4e-04    5.8e-08   DemodSSE          0          0          0          0          0.0e+00      0.0e+00
    4107         21    2.1e-04    2.2e-04    5.2e-08   DemodSSE          0          0          0          0          0.0e+00      0.0e+00
    4107         21    2.3e-04    2.3e-04    5.6e-08   DemodSSE          0          0          0          0          0.0e+00      0.0e+00
    4107         21    2.5e-04    2.5e-04    6.0e-08   DemodSSE          0          0          0          0          0.0e+00      0.0e+00
    4107         21    2.2e-04    2.3e-04    5.4e-08   DemodSSE          0          0          0          0          0.0e+00      0.0e+00
    4107         21    2.6e-04    2.6e-04    6.3e-08   DemodSSE          0          0          0          0          0.0e+00      0.0e+00
