%% cmdline: /home/m206265/.local/bin/lalapps_ComputeFstatistic_v2 --Alpha=1.45968 --Delta=0.38422 --Freq=60.00099988391934 --f1dot=-3.776363589418401e-10 --f2dot=-5.583908820525446e-20 --FreqBand=2.148861829065806e-07 --f1dotBand=1.798443061843323e-13 --f2dotBand=1.471634250751322e-19 --dFreq=2.774168692424226e-08 --df1dot=2.321780009207155e-14 --df2dot=1.899871648289434e-20 --DataFiles="/home/m206265/lalapps_work/SFTinj/*.sft" --assumeSqrtSX="0.00751" --refTime=1171754150 --outputFstat="/home/m206265/lalapps_work/mismatchNewGrid//mism6/SNR_GridLoud_mism6_1.txt" --NumCandidatesToKeep=1 --FstatMethod=DemodSSE --outputTiming="/home/m206265/lalapps_work/mismatchNewGrid//mism6/Timing_SNR_GridLoud_mism6.txt"
%% LAL: 7.1.5 (UNCLEAN 53aa4afe025550f99f1042f83420085e09e6a5fc)
%% LALFrame: 1.6.0 (UNCLEAN 53aa4afe025550f99f1042f83420085e09e6a5fc)
%% LALMetaIO: 2.1.0 (UNCLEAN 53aa4afe025550f99f1042f83420085e09e6a5fc)
%% LALSimulation: 3.1.0 (UNCLEAN 53aa4afe025550f99f1042f83420085e09e6a5fc)
%% LALBurst: 1.5.10 (UNCLEAN 53aa4afe025550f99f1042f83420085e09e6a5fc)
%% LALInspiral: 2.0.4 (UNCLEAN 53aa4afe025550f99f1042f83420085e09e6a5fc)
%% LALPulsar: 3.1.1 (UNCLEAN 53aa4afe025550f99f1042f83420085e09e6a5fc)
%% LALInference: 3.0.1 (UNCLEAN 53aa4afe025550f99f1042f83420085e09e6a5fc)
%% LALApps: 7.4.0 (UNCLEAN 53aa4afe025550f99f1042f83420085e09e6a5fc)
%% NSFTs      NFreq    tauF[s] tauFEff[s]   tauF0[s] FstatMethod     tauMin     tauMax     NStart       NTau tauTransFstatMap tauTransMarg
    4107          8    5.2e-04    5.2e-04    1.3e-07   DemodSSE          0          0          0          0          0.0e+00      0.0e+00
    4107          8    5.2e-04    5.2e-04    1.3e-07   DemodSSE          0          0          0          0          0.0e+00      0.0e+00
    4107          8    4.6e-04    4.6e-04    1.1e-07   DemodSSE          0          0          0          0          0.0e+00      0.0e+00
    4107          8    5.2e-04    5.2e-04    1.3e-07   DemodSSE          0          0          0          0          0.0e+00      0.0e+00
    4107          8    4.0e-04    4.3e-04    9.7e-08   DemodSSE          0          0          0          0          0.0e+00      0.0e+00
    4107          8    4.0e-04    4.0e-04    9.7e-08   DemodSSE          0          0          0          0          0.0e+00      0.0e+00
    4107          8    3.4e-04    3.4e-04    8.2e-08   DemodSSE          0          0          0          0          0.0e+00      0.0e+00
    4107          8    5.8e-04    5.8e-04    1.4e-07   DemodSSE          0          0          0          0          0.0e+00      0.0e+00
    4107          8    4.3e-04    4.3e-04    1.0e-07   DemodSSE          0          0          0          0          0.0e+00      0.0e+00
    4107          8    4.0e-04    4.0e-04    9.7e-08   DemodSSE          0          0          0          0          0.0e+00      0.0e+00
    4107          8    3.7e-04    3.7e-04    8.9e-08   DemodSSE          0          0          0          0          0.0e+00      0.0e+00
    4107          8    3.7e-04    3.7e-04    8.9e-08   DemodSSE          0          0          0          0          0.0e+00      0.0e+00
    4107          8    4.6e-04    4.6e-04    1.1e-07   DemodSSE          0          0          0          0          0.0e+00      0.0e+00
    4107          8    4.0e-04    4.3e-04    9.7e-08   DemodSSE          0          0          0          0          0.0e+00      0.0e+00
    4107          8    4.0e-04    4.0e-04    9.7e-08   DemodSSE          0          0          0          0          0.0e+00      0.0e+00
    4107          8    4.9e-04    4.9e-04    1.2e-07   DemodSSE          0          0          0          0          0.0e+00      0.0e+00
    4107          8    4.9e-04    4.9e-04    1.2e-07   DemodSSE          0          0          0          0          0.0e+00      0.0e+00
    4107          8    4.0e-04    4.0e-04    9.7e-08   DemodSSE          0          0          0          0          0.0e+00      0.0e+00
    4107          8    4.9e-04    4.9e-04    1.2e-07   DemodSSE          0          0          0          0          0.0e+00      0.0e+00
    4107          8    4.0e-04    4.0e-04    9.7e-08   DemodSSE          0          0          0          0          0.0e+00      0.0e+00
    4107          8    3.1e-04    3.4e-04    7.4e-08   DemodSSE          0          0          0          0          0.0e+00      0.0e+00
    4107          8    3.4e-04    3.7e-04    8.2e-08   DemodSSE          0          0          0          0          0.0e+00      0.0e+00
    4107          8    3.1e-04    3.1e-04    7.4e-08   DemodSSE          0          0          0          0          0.0e+00      0.0e+00
    4107          8    4.3e-04    4.3e-04    1.0e-07   DemodSSE          0          0          0          0          0.0e+00      0.0e+00
    4107          8    3.7e-04    3.7e-04    8.9e-08   DemodSSE          0          0          0          0          0.0e+00      0.0e+00
    4107          8    3.7e-04    3.7e-04    8.9e-08   DemodSSE          0          0          0          0          0.0e+00      0.0e+00
    4107          8    3.7e-04    3.7e-04    8.9e-08   DemodSSE          0          0          0          0          0.0e+00      0.0e+00
    4107          8    4.3e-04    4.3e-04    1.0e-07   DemodSSE          0          0          0          0          0.0e+00      0.0e+00
    4107          8    4.3e-04    4.6e-04    1.0e-07   DemodSSE          0          0          0          0          0.0e+00      0.0e+00
    4107          8    4.6e-04    4.6e-04    1.1e-07   DemodSSE          0          0          0          0          0.0e+00      0.0e+00
    4107          8    3.7e-04    3.7e-04    8.9e-08   DemodSSE          0          0          0          0          0.0e+00      0.0e+00
    4107          8    5.2e-04    5.5e-04    1.3e-07   DemodSSE          0          0          0          0          0.0e+00      0.0e+00
    4107          8    5.8e-04    5.8e-04    1.4e-07   DemodSSE          0          0          0          0          0.0e+00      0.0e+00
    4107          8    4.3e-04    4.3e-04    1.0e-07   DemodSSE          0          0          0          0          0.0e+00      0.0e+00
    4107          8    4.6e-04    4.6e-04    1.1e-07   DemodSSE          0          0          0          0          0.0e+00      0.0e+00
    4107          8    4.0e-04    4.0e-04    9.7e-08   DemodSSE          0          0          0          0          0.0e+00      0.0e+00
    4107          8    5.5e-04    6.1e-04    1.3e-07   DemodSSE          0          0          0          0          0.0e+00      0.0e+00
    4107          8    5.8e-04    5.8e-04    1.4e-07   DemodSSE          0          0          0          0          0.0e+00      0.0e+00
    4107          8    4.6e-04    4.6e-04    1.1e-07   DemodSSE          0          0          0          0          0.0e+00      0.0e+00
    4107          8    4.0e-04    4.0e-04    9.7e-08   DemodSSE          0          0          0          0          0.0e+00      0.0e+00
    4107          8    4.3e-04    4.3e-04    1.0e-07   DemodSSE          0          0          0          0          0.0e+00      0.0e+00
    4107          8    3.7e-04    3.7e-04    8.9e-08   DemodSSE          0          0          0          0          0.0e+00      0.0e+00
    4107          8    3.1e-04    3.1e-04    7.4e-08   DemodSSE          0          0          0          0          0.0e+00      0.0e+00
    4107          8    4.0e-04    4.0e-04    9.7e-08   DemodSSE          0          0          0          0          0.0e+00      0.0e+00
    4107          8    4.9e-04    4.9e-04    1.2e-07   DemodSSE          0          0          0          0          0.0e+00      0.0e+00
    4107          8    4.3e-04    4.3e-04    1.0e-07   DemodSSE          0          0          0          0          0.0e+00      0.0e+00
    4107          8    3.7e-04    3.7e-04    8.9e-08   DemodSSE          0          0          0          0          0.0e+00      0.0e+00
    4107          8    3.7e-04    3.7e-04    8.9e-08   DemodSSE          0          0          0          0          0.0e+00      0.0e+00
    4107          8    3.7e-04    3.7e-04    8.9e-08   DemodSSE          0          0          0          0          0.0e+00      0.0e+00
    4107          8    4.0e-04    4.0e-04    9.7e-08   DemodSSE          0          0          0          0          0.0e+00      0.0e+00
    4107          8    3.4e-04    3.7e-04    8.2e-08   DemodSSE          0          0          0          0          0.0e+00      0.0e+00
    4107          8    4.9e-04    4.9e-04    1.2e-07   DemodSSE          0          0          0          0          0.0e+00      0.0e+00
    4107          8    5.2e-04    5.2e-04    1.3e-07   DemodSSE          0          0          0          0          0.0e+00      0.0e+00
    4107          8    5.5e-04    5.5e-04    1.3e-07   DemodSSE          0          0          0          0          0.0e+00      0.0e+00
    4107          8    5.5e-04    5.5e-04    1.3e-07   DemodSSE          0          0          0          0          0.0e+00      0.0e+00
    4107          8    4.6e-04    4.6e-04    1.1e-07   DemodSSE          0          0          0          0          0.0e+00      0.0e+00
    4107          8    5.2e-04    5.2e-04    1.3e-07   DemodSSE          0          0          0          0          0.0e+00      0.0e+00
    4107          8    4.0e-04    4.3e-04    9.7e-08   DemodSSE          0          0          0          0          0.0e+00      0.0e+00
    4107          8    4.6e-04    4.6e-04    1.1e-07   DemodSSE          0          0          0          0          0.0e+00      0.0e+00
    4107          8    5.2e-04    5.2e-04    1.3e-07   DemodSSE          0          0          0          0          0.0e+00      0.0e+00
    4107          8    4.9e-04    4.9e-04    1.2e-07   DemodSSE          0          0          0          0          0.0e+00      0.0e+00
    4107          8    3.7e-04    3.7e-04    8.9e-08   DemodSSE          0          0          0          0          0.0e+00      0.0e+00
    4107          8    3.4e-04    3.4e-04    8.2e-08   DemodSSE          0          0          0          0          0.0e+00      0.0e+00
    4107          8    5.5e-04    5.5e-04    1.3e-07   DemodSSE          0          0          0          0          0.0e+00      0.0e+00
    4107          8    4.6e-04    4.6e-04    1.1e-07   DemodSSE          0          0          0          0          0.0e+00      0.0e+00
    4107          8    4.0e-04    4.0e-04    9.7e-08   DemodSSE          0          0          0          0          0.0e+00      0.0e+00
    4107          8    4.6e-04    4.6e-04    1.1e-07   DemodSSE          0          0          0          0          0.0e+00      0.0e+00
    4107          8    3.7e-04    3.7e-04    8.9e-08   DemodSSE          0          0          0          0          0.0e+00      0.0e+00
    4107          8    4.0e-04    4.0e-04    9.7e-08   DemodSSE          0          0          0          0          0.0e+00      0.0e+00
    4107          8    4.9e-04    4.9e-04    1.2e-07   DemodSSE          0          0          0          0          0.0e+00      0.0e+00
    4107          8    6.1e-04    6.1e-04    1.5e-07   DemodSSE          0          0          0          0          0.0e+00      0.0e+00
    4107          8    4.9e-04    4.9e-04    1.2e-07   DemodSSE          0          0          0          0          0.0e+00      0.0e+00
    4107          8    4.0e-04    4.3e-04    9.7e-08   DemodSSE          0          0          0          0          0.0e+00      0.0e+00
    4107          8    5.2e-04    5.2e-04    1.3e-07   DemodSSE          0          0          0          0          0.0e+00      0.0e+00
    4107          8    4.0e-04    4.0e-04    9.7e-08   DemodSSE          0          0          0          0          0.0e+00      0.0e+00
    4107          8    4.3e-04    4.3e-04    1.0e-07   DemodSSE          0          0          0          0          0.0e+00      0.0e+00
    4107          8    4.9e-04    4.9e-04    1.2e-07   DemodSSE          0          0          0          0          0.0e+00      0.0e+00
    4107          8    3.4e-04    3.4e-04    8.2e-08   DemodSSE          0          0          0          0          0.0e+00      0.0e+00
    4107          8    4.9e-04    4.9e-04    1.2e-07   DemodSSE          0          0          0          0          0.0e+00      0.0e+00
    4107          8    4.0e-04    4.6e-04    9.7e-08   DemodSSE          0          0          0          0          0.0e+00      0.0e+00
    4107          8    4.0e-04    4.3e-04    9.7e-08   DemodSSE          0          0          0          0          0.0e+00      0.0e+00
    4107          8    4.6e-04    4.6e-04    1.1e-07   DemodSSE          0          0          0          0          0.0e+00      0.0e+00
    4107          8    4.6e-04    4.6e-04    1.1e-07   DemodSSE          0          0          0          0          0.0e+00      0.0e+00
    4107          8    6.4e-04    6.4e-04    1.6e-07   DemodSSE          0          0          0          0          0.0e+00      0.0e+00
    4107          8    3.4e-04    3.4e-04    8.2e-08   DemodSSE          0          0          0          0          0.0e+00      0.0e+00
    4107          8    4.0e-04    4.0e-04    9.7e-08   DemodSSE          0          0          0          0          0.0e+00      0.0e+00
    4107          8    3.7e-04    4.0e-04    8.9e-08   DemodSSE          0          0          0          0          0.0e+00      0.0e+00
    4107          8    3.7e-04    3.7e-04    8.9e-08   DemodSSE          0          0          0          0          0.0e+00      0.0e+00
    4107          8    2.7e-04    2.7e-04    6.7e-08   DemodSSE          0          0          0          0          0.0e+00      0.0e+00
    4107          8    1.8e-04    1.8e-04    4.5e-08   DemodSSE          0          0          0          0          0.0e+00      0.0e+00
    4107          8    3.1e-04    3.1e-04    7.4e-08   DemodSSE          0          0          0          0          0.0e+00      0.0e+00
    4107          8    3.1e-04    3.1e-04    7.4e-08   DemodSSE          0          0          0          0          0.0e+00      0.0e+00
    4107          8    2.7e-04    2.7e-04    6.7e-08   DemodSSE          0          0          0          0          0.0e+00      0.0e+00
    4107          8    2.7e-04    2.7e-04    6.7e-08   DemodSSE          0          0          0          0          0.0e+00      0.0e+00
    4107          8    3.7e-04    3.7e-04    8.9e-08   DemodSSE          0          0          0          0          0.0e+00      0.0e+00
    4107          8    4.6e-04    4.9e-04    1.1e-07   DemodSSE          0          0          0          0          0.0e+00      0.0e+00
    4107          8    5.5e-04    5.5e-04    1.3e-07   DemodSSE          0          0          0          0          0.0e+00      0.0e+00
    4107          8    3.4e-04    3.4e-04    8.2e-08   DemodSSE          0          0          0          0          0.0e+00      0.0e+00
    4107          8    3.1e-04    3.1e-04    7.4e-08   DemodSSE          0          0          0          0          0.0e+00      0.0e+00
    4107          8    2.1e-04    2.4e-04    5.2e-08   DemodSSE          0          0          0          0          0.0e+00      0.0e+00
    4107          8    3.1e-04    3.1e-04    7.4e-08   DemodSSE          0          0          0          0          0.0e+00      0.0e+00
    4107          8    2.7e-04    2.7e-04    6.7e-08   DemodSSE          0          0          0          0          0.0e+00      0.0e+00
    4107          8    1.8e-04    1.8e-04    4.5e-08   DemodSSE          0          0          0          0          0.0e+00      0.0e+00
    4107          8    4.3e-04    4.3e-04    1.0e-07   DemodSSE          0          0          0          0          0.0e+00      0.0e+00
    4107          8    3.1e-04    3.1e-04    7.4e-08   DemodSSE          0          0          0          0          0.0e+00      0.0e+00
    4107          8    3.7e-04    3.7e-04    8.9e-08   DemodSSE          0          0          0          0          0.0e+00      0.0e+00
    4107          8    3.1e-04    3.1e-04    7.4e-08   DemodSSE          0          0          0          0          0.0e+00      0.0e+00
    4107          8    3.1e-04    3.1e-04    7.4e-08   DemodSSE          0          0          0          0          0.0e+00      0.0e+00
    4107          8    4.6e-04    4.6e-04    1.1e-07   DemodSSE          0          0          0          0          0.0e+00      0.0e+00
    4107          8    5.8e-04    5.8e-04    1.4e-07   DemodSSE          0          0          0          0          0.0e+00      0.0e+00
    4107          8    2.7e-04    2.7e-04    6.7e-08   DemodSSE          0          0          0          0          0.0e+00      0.0e+00
    4107          8    3.7e-04    3.7e-04    8.9e-08   DemodSSE          0          0          0          0          0.0e+00      0.0e+00
    4107          8    3.7e-04    3.7e-04    8.9e-08   DemodSSE          0          0          0          0          0.0e+00      0.0e+00
    4107          8    4.6e-04    4.6e-04    1.1e-07   DemodSSE          0          0          0          0          0.0e+00      0.0e+00
    4107          8    3.1e-04    3.1e-04    7.4e-08   DemodSSE          0          0          0          0          0.0e+00      0.0e+00
    4107          8    3.4e-04    3.4e-04    8.2e-08   DemodSSE          0          0          0          0          0.0e+00      0.0e+00
    4107          8    4.3e-04    4.3e-04    1.0e-07   DemodSSE          0          0          0          0          0.0e+00      0.0e+00
    4107          8    2.4e-04    2.4e-04    5.9e-08   DemodSSE          0          0          0          0          0.0e+00      0.0e+00
    4107          8    2.7e-04    2.7e-04    6.7e-08   DemodSSE          0          0          0          0          0.0e+00      0.0e+00
    4107          8    3.1e-04    3.1e-04    7.4e-08   DemodSSE          0          0          0          0          0.0e+00      0.0e+00
    4107          8    3.4e-04    3.4e-04    8.2e-08   DemodSSE          0          0          0          0          0.0e+00      0.0e+00
    4107          8    4.0e-04    4.3e-04    9.7e-08   DemodSSE          0          0          0          0          0.0e+00      0.0e+00
    4107          8    5.8e-04    5.8e-04    1.4e-07   DemodSSE          0          0          0          0          0.0e+00      0.0e+00
    4107          8    4.3e-04    4.3e-04    1.0e-07   DemodSSE          0          0          0          0          0.0e+00      0.0e+00
    4107          8    5.5e-04    5.5e-04    1.3e-07   DemodSSE          0          0          0          0          0.0e+00      0.0e+00
    4107          8    4.6e-04    4.6e-04    1.1e-07   DemodSSE          0          0          0          0          0.0e+00      0.0e+00
    4107          8    4.0e-04    4.0e-04    9.7e-08   DemodSSE          0          0          0          0          0.0e+00      0.0e+00
    4107          8    4.3e-04    4.3e-04    1.0e-07   DemodSSE          0          0          0          0          0.0e+00      0.0e+00
    4107          8    3.7e-04    3.7e-04    8.9e-08   DemodSSE          0          0          0          0          0.0e+00      0.0e+00
    4107          8    4.6e-04    4.6e-04    1.1e-07   DemodSSE          0          0          0          0          0.0e+00      0.0e+00
    4107          8    3.7e-04    3.7e-04    8.9e-08   DemodSSE          0          0          0          0          0.0e+00      0.0e+00
    4107          8    4.9e-04    4.9e-04    1.2e-07   DemodSSE          0          0          0          0          0.0e+00      0.0e+00
    4107          8    5.2e-04    5.2e-04    1.3e-07   DemodSSE          0          0          0          0          0.0e+00      0.0e+00
    4107          8    3.7e-04    3.7e-04    8.9e-08   DemodSSE          0          0          0          0          0.0e+00      0.0e+00
    4107          8    5.5e-04    5.5e-04    1.3e-07   DemodSSE          0          0          0          0          0.0e+00      0.0e+00
    4107          8    4.0e-04    4.0e-04    9.7e-08   DemodSSE          0          0          0          0          0.0e+00      0.0e+00
    4107          8    3.7e-04    3.7e-04    8.9e-08   DemodSSE          0          0          0          0          0.0e+00      0.0e+00
    4107          8    5.5e-04    5.5e-04    1.3e-07   DemodSSE          0          0          0          0          0.0e+00      0.0e+00
    4107          8    4.9e-04    4.9e-04    1.2e-07   DemodSSE          0          0          0          0          0.0e+00      0.0e+00
    4107          8    6.7e-04    6.7e-04    1.6e-07   DemodSSE          0          0          0          0          0.0e+00      0.0e+00
    4107          8    4.3e-04    4.3e-04    1.0e-07   DemodSSE          0          0          0          0          0.0e+00      0.0e+00
    4107          8    4.9e-04    4.9e-04    1.2e-07   DemodSSE          0          0          0          0          0.0e+00      0.0e+00
    4107          8    5.2e-04    5.5e-04    1.3e-07   DemodSSE          0          0          0          0          0.0e+00      0.0e+00
    4107          8    4.6e-04    4.6e-04    1.1e-07   DemodSSE          0          0          0          0          0.0e+00      0.0e+00
    4107          8    5.5e-04    5.5e-04    1.3e-07   DemodSSE          0          0          0          0          0.0e+00      0.0e+00
    4107          8    4.0e-04    4.0e-04    9.7e-08   DemodSSE          0          0          0          0          0.0e+00      0.0e+00
    4107          8    3.7e-04    4.0e-04    8.9e-08   DemodSSE          0          0          0          0          0.0e+00      0.0e+00
    4107          8    5.8e-04    5.8e-04    1.4e-07   DemodSSE          0          0          0          0          0.0e+00      0.0e+00
    4107          8    3.1e-04    3.1e-04    7.4e-08   DemodSSE          0          0          0          0          0.0e+00      0.0e+00
    4107          8    4.0e-04    4.0e-04    9.7e-08   DemodSSE          0          0          0          0          0.0e+00      0.0e+00
    4107          8    4.0e-04    4.0e-04    9.7e-08   DemodSSE          0          0          0          0          0.0e+00      0.0e+00
    4107          8    5.5e-04    5.5e-04    1.3e-07   DemodSSE          0          0          0          0          0.0e+00      0.0e+00
    4107          8    3.7e-04    3.7e-04    8.9e-08   DemodSSE          0          0          0          0          0.0e+00      0.0e+00
    4107          8    4.3e-04    4.3e-04    1.0e-07   DemodSSE          0          0          0          0          0.0e+00      0.0e+00
    4107          8    5.2e-04    5.2e-04    1.3e-07   DemodSSE          0          0          0          0          0.0e+00      0.0e+00
    4107          8    4.6e-04    4.6e-04    1.1e-07   DemodSSE          0          0          0          0          0.0e+00      0.0e+00
    4107          8    4.0e-04    4.6e-04    9.7e-08   DemodSSE          0          0          0          0          0.0e+00      0.0e+00
    4107          8    3.1e-04    3.4e-04    7.4e-08   DemodSSE          0          0          0          0          0.0e+00      0.0e+00
    4107          8    4.0e-04    4.3e-04    9.7e-08   DemodSSE          0          0          0          0          0.0e+00      0.0e+00
    4107          8    5.5e-04    5.5e-04    1.3e-07   DemodSSE          0          0          0          0          0.0e+00      0.0e+00
    4107          8    4.9e-04    4.9e-04    1.2e-07   DemodSSE          0          0          0          0          0.0e+00      0.0e+00
    4107          8    4.3e-04    4.3e-04    1.0e-07   DemodSSE          0          0          0          0          0.0e+00      0.0e+00
    4107          8    4.6e-04    4.6e-04    1.1e-07   DemodSSE          0          0          0          0          0.0e+00      0.0e+00
    4107          8    4.0e-04    4.0e-04    9.7e-08   DemodSSE          0          0          0          0          0.0e+00      0.0e+00
    4107          8    3.7e-04    3.7e-04    8.9e-08   DemodSSE          0          0          0          0          0.0e+00      0.0e+00
    4107          8    3.7e-04    3.7e-04    8.9e-08   DemodSSE          0          0          0          0          0.0e+00      0.0e+00
    4107          8    4.0e-04    4.0e-04    9.7e-08   DemodSSE          0          0          0          0          0.0e+00      0.0e+00
    4107          8    3.7e-04    4.0e-04    8.9e-08   DemodSSE          0          0          0          0          0.0e+00      0.0e+00
    4107          8    4.9e-04    4.9e-04    1.2e-07   DemodSSE          0          0          0          0          0.0e+00      0.0e+00
    4107          8    4.6e-04    4.6e-04    1.1e-07   DemodSSE          0          0          0          0          0.0e+00      0.0e+00
    4107          8    4.0e-04    4.0e-04    9.7e-08   DemodSSE          0          0          0          0          0.0e+00      0.0e+00
    4107          8    3.4e-04    3.4e-04    8.2e-08   DemodSSE          0          0          0          0          0.0e+00      0.0e+00
    4107          8    4.9e-04    4.9e-04    1.2e-07   DemodSSE          0          0          0          0          0.0e+00      0.0e+00
    4107          8    4.0e-04    4.0e-04    9.7e-08   DemodSSE          0          0          0          0          0.0e+00      0.0e+00
    4107          8    4.6e-04    4.6e-04    1.1e-07   DemodSSE          0          0          0          0          0.0e+00      0.0e+00
    4107          8    3.7e-04    3.7e-04    8.9e-08   DemodSSE          0          0          0          0          0.0e+00      0.0e+00
    4107          8    4.3e-04    4.3e-04    1.0e-07   DemodSSE          0          0          0          0          0.0e+00      0.0e+00
    4107          8    4.3e-04    4.3e-04    1.0e-07   DemodSSE          0          0          0          0          0.0e+00      0.0e+00
    4107          8    5.8e-04    5.8e-04    1.4e-07   DemodSSE          0          0          0          0          0.0e+00      0.0e+00
    4107          8    5.5e-04    5.5e-04    1.3e-07   DemodSSE          0          0          0          0          0.0e+00      0.0e+00
    4107          8    3.4e-04    3.4e-04    8.2e-08   DemodSSE          0          0          0          0          0.0e+00      0.0e+00
    4107          8    4.0e-04    4.0e-04    9.7e-08   DemodSSE          0          0          0          0          0.0e+00      0.0e+00
    4107          8    4.0e-04    4.0e-04    9.7e-08   DemodSSE          0          0          0          0          0.0e+00      0.0e+00
    4107          8    4.6e-04    4.6e-04    1.1e-07   DemodSSE          0          0          0          0          0.0e+00      0.0e+00
    4107          8    5.2e-04    5.2e-04    1.3e-07   DemodSSE          0          0          0          0          0.0e+00      0.0e+00
    4107          8    5.2e-04    5.5e-04    1.3e-07   DemodSSE          0          0          0          0          0.0e+00      0.0e+00
    4107          8    5.2e-04    5.2e-04    1.3e-07   DemodSSE          0          0          0          0          0.0e+00      0.0e+00
    4107          8    4.0e-04    4.0e-04    9.7e-08   DemodSSE          0          0          0          0          0.0e+00      0.0e+00
    4107          8    3.4e-04    3.4e-04    8.2e-08   DemodSSE          0          0          0          0          0.0e+00      0.0e+00
    4107          8    3.4e-04    3.7e-04    8.2e-08   DemodSSE          0          0          0          0          0.0e+00      0.0e+00
    4107          8    4.3e-04    4.3e-04    1.0e-07   DemodSSE          0          0          0          0          0.0e+00      0.0e+00
    4107          8    3.4e-04    3.4e-04    8.2e-08   DemodSSE          0          0          0          0          0.0e+00      0.0e+00
    4107          8    6.4e-04    6.4e-04    1.6e-07   DemodSSE          0          0          0          0          0.0e+00      0.0e+00
    4107          8    4.0e-04    4.0e-04    9.7e-08   DemodSSE          0          0          0          0          0.0e+00      0.0e+00
    4107          8    5.8e-04    5.8e-04    1.4e-07   DemodSSE          0          0          0          0          0.0e+00      0.0e+00
    4107          8    4.3e-04    4.3e-04    1.0e-07   DemodSSE          0          0          0          0          0.0e+00      0.0e+00
    4107          8    4.0e-04    4.0e-04    9.7e-08   DemodSSE          0          0          0          0          0.0e+00      0.0e+00
    4107          8    3.7e-04    3.7e-04    8.9e-08   DemodSSE          0          0          0          0          0.0e+00      0.0e+00
    4107          8    4.3e-04    4.6e-04    1.0e-07   DemodSSE          0          0          0          0          0.0e+00      0.0e+00
    4107          8    4.6e-04    4.6e-04    1.1e-07   DemodSSE          0          0          0          0          0.0e+00      0.0e+00
