1167983370
1167985170
1167986970
1167988770
1167990570
1167992370
1167994170
1168042723
1168044523
1168046323
1168048123
1168049923
1168051723
1168053523
1168055323
1168057123
1168058923
1168060723
1168062523
1168127743
1168129543
1168131343
1168133143
1168134943
1168136743
1168138543
1168148094
1168149894
1168151694
1168153494
1168155294
1168157094
1168158894
1168160694
1168162494
1168164294
1168166094
1168167894
1168169694
1168171494
1168173294
1168175094
1168176894
1168178694
1168180494
1168182294
1168184094
1168217495
1168219295
1168221095
1168222895
1168224695
1168231031
1168232831
1168234631
1168236431
1168238231
1168240031
1168241831
1168243631
1168245431
1168247231
1168249031
1168250831
1168259981
1168262322
1168264122
1168265922
1168267722
1168269522
1168271322
1168278802
1168298011
1168299811
1168301611
1168303411
1168305211
1168307011
1168308811
1168310611
1168312411
1168314211
1168316011
1168317811
1168319611
1168321411
1168331945
1168333745
1168335545
1168337345
1168339145
1168340945
1168342745
1168344545
1168346345
1168348145
1168349945
1168351745
1168353545
1168355345
1168357145
1168358945
1168360745
1168366018
1168378759
1168380559
1168382359
1168384159
1168385959
1168387759
1168389559
1168391359
1168393159
1168394959
1168396759
1168398559
1168400359
1168402159
1168403959
1168405759
1168407559
1168409359
1168419430
1168421230
1168423030
1168424830
1168426630
1168428430
1168430230
1168432030
1168433830
1168435630
1168437430
1168439230
1168441030
1168442830
1168453734
1168459833
1168461633
1168463433
1168465233
1168467033
1168468833
1168470633
1168472433
1168481426
1168483638
1168485438
1168487238
1168489038
1168490838
1168492638
1168494438
1168496238
1168498038
1168503894
1168505694
1168507494
1168509294
1168511094
1168512894
1168514694
1168516494
1168518294
1168520094
1168521894
1168523694
1168525494
1168527294
1168529094
1168530894
1168532694
1168534494
1168536294
1168538094
1168539894
1168541694
1168543494
1168545294
1168547094
1168548894
1168550694
1168552494
1168554294
1168556094
1168557894
1168559694
1168561494
1168563294
1168566157
1168576196
1168577996
1168579796
1168581596
1168583396
1168585196
1168586996
1168588796
1168590596
1168592396
1168594196
1168595996
1168597796
1168599596
1168601396
1168603196
1168604996
1168606796
1168608596
1168632110
1168633910
1168635710
1168649726
1168651526
1168653326
1168655126
1168656926
1168658726
1168660526
1168662326
1168664126
1168665926
1168667726
1168669526
1168671326
1168673126
1168674926
1168676726
1168693450
1168695250
1168697050
1168723205
1168725005
1168726805
1168728605
1168730405
1168732205
1168734547
1168736347
1168739193
1168740993
1168742793
1168744593
1168746393
1168748193
1168749993
1168761233
1168763033
1168764833
1168766633
1168768433
1168770233
1168780924
1168782724
1168788907
1168790707
1168792507
1168794307
1168802880
1168804680
1168806480
1168808280
1168810080
1168811880
1168813680
1168815480
1168817280
1168819080
1168820880
1168822680
1168824480
1168826280
1168828080
1168829880
1168831680
1168833480
1168835280
1168837080
1168838880
1168840680
1168842480
1168849547
1168851347
1168853147
1168854947
1168856747
1168858547
1168860347
1168862147
1168863947
1168865747
1168867547
1168869347
1168871147
1168872947
1168874747
1168876547
1168878959
1168880759
1168883790
1168885590
1168887390
1168889190
1168890990
1168892790
1168894590
1168896390
1168898190
1168899990
1168921422
1168923222
1168925022
1168926822
1168928622
1168930422
1168932222
1168934022
1168935822
1168937622
1168949388
1168951188
1168952988
1168954788
1168956588
1168958388
1168960188
1168961988
1168963788
1168965588
1168967388
1168969188
1168970988
1168972788
1168974588
1168976388
1168978188
1168979988
1168981788
1168983588
1168985388
1168987188
1168988988
1168990788
1168992588
1168994388
1168996188
1168997988
1168999788
1169001588
1169003388
1169005188
1169006988
1169008788
1169010588
1169012388
1169019052
1169020852
1169022652
1169035400
1169037200
1169039000
1169040800
1169042600
1169044400
1169046200
1169048000
1169049800
1169051600
1169053400
1169055200
1169057000
1169058800
1169060600
1169062400
1169064200
1169066000
1169067800
1169069600
1169071400
1169073200
1169075000
1169076800
1169078600
1169080400
1169082200
1169084000
1169085800
1169087600
1169089400
1169091200
1169093000
1169207712
1169209512
1169211312
1169213112
1169214912
1169238951
1169241207
1169243007
1169244807
1169246607
1169256231
1169258031
1169259831
1169261631
1169263431
1169265231
1169267031
1169268831
1169270631
1169272431
1169281211
1169283011
1169284811
1169286611
1169298797
1169300597
1169302397
1169347056
1169348856
1169350656
1169353888
1169355688
1169357488
1169359288
1169361088
1169362888
1169364688
1169366488
1169368288
1169501187
1169504727
1169506527
1169508327
1169510127
1169511927
1169513727
1169515527
1169517327
1169519127
1169520927
1169522727
1169524527
1169526327
1169528127
1169529927
1169531727
1169533527
1169535327
1169537127
1169538927
1169540727
1169542527
1169544327
1169548295
1169550095
1169551895
1169553695
1169555495
1169557295
1169559095
1169560895
1169570992
1169581348
1169590986
1169592786
1169594586
1169596386
1169598186
1169599986
1169605243
1169607043
1169608843
1169610643
1169612443
1169619336
1169621136
1169622936
1169624736
1169626536
1169628336
1169630136
1169631936
1169633736
1169635536
1169637336
1169639136
1169640936
1169642736
1169644536
1169646336
1169648136
1169649936
1169651736
1169653536
1169685692
1169687492
1169689292
1169691092
1169692892
1169701257
1169703057
1169704857
1169706657
1169708457
1169710257
1169712057
1169713857
1169715657
1169717457
1169719257
1169721057
1169722857
1169724657
1169726457
1169728257
1169730057
1169731857
1169733657
1169735457
1169778878
1169780678
1169782478
1169784278
1169786078
1169787878
1169789678
1169791478
1169793278
1169795078
1169803384
1169805184
1169806984
1169808784
1169810584
1169812384
1169814184
1169815984
1169817784
1169825564
1169827364
1169829164
1169830964
1169832764
1169834564
1169836364
1169843798
1169845598
1169847398
1169849198
1169850998
1169852798
1169854598
1169856398
1169866560
1169868360
1169870160
1169871960
1169873760
1169875560
1169877360
1169879160
1169880960
1169882760
1169884560
1169886360
1169888160
1169889960
1169891760
1169893560
1169895360
1169897160
1169898960
1169900760
1169902560
1169904360
1169906160
1169949038
1169950838
1169952638
1169954438
1169956238
1169958038
1169959838
1169961638
1169963438
1169965238
1169967038
1169968838
1169970638
1169972438
1169974238
1169976038
1169977838
1169979638
1169981438
1169983238
1169985038
1169986838
1169988638
1169990438
1169992238
1169994038
1169995838
1169997638
1169999438
1170001238
1170020191
1170039814
1170049454
1170051254
1170053054
1170054854
1170056654
1170058454
1170060254
1170062054
1170063854
1170065654
1170067454
1170069254
1170071054
1170072854
1170074654
1170076454
1170078254
1170086470
1170088270
1170090070
1170091870
1170093670
1170095470
1170097270
1170099070
1170100870
1170102670
1170104470
1170106270
1170108070
1170109870
1170111670
1170113470
1170115270
1170122744
1170124544
1170126344
1170128144
1170131958
1170140113
1170141913
1170143713
1170145973
1170147773
1170149573
1170151373
1170153173
1170154973
1170156773
1170158573
1170160373
1170162173
1170163973
1170165773
1170167573
1170169373
1170197999
1170199799
1170201599
1170203399
1170205199
1170206999
1170208799
1170210599
1170212399
1170214199
1170215999
1170217799
1170219599
1170221399
1170223199
1170224999
1170226799
1170228599
1170230399
1170233135
1170234935
1170236735
1170238535
1170240335
1170242135
1170243935
1170245735
1170247535
1170249335
1170251135
1170252935
1170284497
1170286297
1170288097
1170289897
1170291697
1170293497
1170295297
1170297097
1170298897
1170300697
1170302497
1170304297
1170306097
1170307897
1170309697
1170311497
1170313297
1170315097
1170316897
1170318840
1170320640
1170322440
1170324240
1170326040
1170338311
1170340111
1170343316
1170345116
1170346916
1170348716
1170350516
1170352316
1170354116
1170360917
1170362717
1170364517
1170370064
1170371864
1170373664
1170375464
1170377264
1170379064
1170382717
1170384517
1170387676
1170389476
1170408853
1170410653
1170412726
1170414526
1170427107
1170428907
1170430707
1170432507
1170434307
1170462784
1170464584
1170466384
1170468184
1170469984
1170471784
1170473584
1170475384
1170477184
1170478984
1170489020
1170490820
1170492620
1170494420
1170496220
1170498020
1170499820
1170501620
1170503420
1170505220
1170507020
1170508820
1170510620
1170577691
1170579491
1170581291
1170583091
1170584891
1170586691
1170588491
1170590291
1170592091
1170593891
1170595691
1170597491
1170602958
1170604758
1170606558
1170608358
1170610158
1170611958
1170618978
1170620778
1170622578
1170624378
1170626178
1170627978
1170629778
1170631578
1170633378
1170635178
1170636978
1170638778
1170640578
1170645542
1170647342
1170649142
1170650942
1170652742
1170658504
1170660304
1170662104
1170663904
1170665704
1170667504
1170669304
1170676384
1170678184
1170679984
1170681784
1170683584
1170685384
1170687184
1170695474
1170697274
1170708773
1170710573
1170712373
1170714173
1170715973
1170717773
1170719573
1170721373
1170723173
1170724973
1170726773
1170728573
1170730373
1170732173
1170733973
1170735773
1170737573
1170739373
1170741173
1170742973
1170744773
1170746573
1170748373
1170750173
1170751973
1170753773
1170755573
1170757373
1170759173
1170760973
1170762773
1170764573
1170766373
1170768173
1170769973
1170786168
1170789528
1170791328
1170793128
1170794928
1170796728
1170798528
1170800328
1170802128
1170803928
1170805728
1170807528
1170809328
1170811128
1170812928
1170814728
1170816528
1170818328
1170820128
1170821928
1170823728
1170825528
1170831591
1170833391
1170835191
1170836991
1170838791
1170840591
1170842391
1170844191
1170845991
1170847791
1170849591
1170851391
1170853191
1170860384
1170862184
1170863984
1170865784
1170867584
1170869384
1170871184
1170872984
1170874784
1170876584
1170878384
1170880184
1170881984
1170883784
1170885584
1170887384
1170889184
1170890984
1170892784
1170894584
1170899363
1170901163
1170902963
1170904763
1170906563
1170908363
1170910163
1170911963
1170913763
1170915563
1170917363
1170919163
1170920963
1170922763
1170924563
1170926363
1170928163
1170929963
1170931763
1170933563
1170935363
1170937163
1170938963
1170940763
1170942563
1170944363
1170951152
1170952952
1170954752
1170956552
1170958352
1170960152
1170961952
1170963752
1170965552
1170967352
1170969152
1170970952
1170972752
1170974552
1170981083
1170982883
1170984683
1170986483
1170988283
1170990083
1170991883
1170993683
1170995483
1170997283
1170999083
1171000883
1171002683
1171004483
1171010466
1171012266
1171014066
1171015866
1171017666
1171019466
1171021266
1171023066
1171024866
1171026666
1171028466
1171030729
1171032529
1171034329
1171036129
1171037929
1171039729
1171041529
1171043329
1171045129
1171046929
1171048729
1171050529
1171052329
1171054129
1171055929
1171057729
1171059529
1171061329
1171063129
1171064929
1171066729
1171068529
1171070329
1171072129
1171073929
1171075729
1171077529
1171079329
1171081129
1171082929
1171084729
1171086529
1171088329
1171090129
1171091929
1171093729
1171095529
1171097329
1171099129
1171105417
1171107217
1171109017
1171110817
1171112617
1171153694
1171155494
1171157294
1171159094
1171160894
1171162694
1171164494
1171208094
1171209894
1171211694
1171213494
1171215294
1171217094
1171219363
1171221163
1171222963
1171224763
1171226563
1171228363
1171230163
1171231963
1171233763
1171235563
1171237363
1171239163
1171240963
1171242763
1171244563
1171246363
1171248163
1171249963
1171251763
1171253563
1171255363
1171257163
1171258963
1171260763
1171262563
1171264363
1171266163
1171267963
1171269763
1171271563
1171273363
1171275163
1171276963
1171278763
1171280563
1171282363
1171284163
1171285963
1171287763
1171289563
1171291363
1171293163
1171294963
1171296763
1171298563
1171321261
1171323061
1171324861
1171331826
1171333626
1171335426
1171337226
1171339026
1171340826
1171342626
1171344426
1171346226
1171348026
1171349826
1171351626
1171353426
1171355226
1171357026
1171358826
1171360626
1171362426
1171364226
1171366026
1171367826
1171369626
1171371426
1171373226
1171378509
1171382088
1171383888
1171388178
1171389978
1171391778
1171393578
1171395378
1171397178
1171398978
1171400778
1171402578
1171404378
1171406178
1171407978
1171409778
1171411578
1171413378
1171415178
1171416978
1171418778
1171420578
1171422378
1171424178
1171425978
1171427778
1171429578
1171431378
1171433178
1171434978
1171436778
1171438578
1171440378
1171442178
1171443978
1171445778
1171447578
1171449378
1171451178
1171462624
1171464424
1171466224
1171468024
1171469824
1171471624
1171473424
1171475224
1171477024
1171478824
1171480624
1171482424
1171484224
1171486024
1171487824
1171489624
1171491424
1171493224
1171495024
1171496824
1171498624
1171500424
1171502224
1171504024
1171505824
1171507624
1171509424
1171511224
1171513024
1171514824
1171516624
1171518424
1171520224
1171522024
1171523824
1171525624
1171527424
1171529224
1171531024
1171532824
1171534624
1171536424
1171538224
1171540024
1171541824
1171543624
1171545424
1171547224
1171549024
1171550824
1171552624
1171554424
1171556224
1171558024
1171559824
1171561624
1171563424
1171565224
1171567024
1171568824
1171570624
1171572424
1171574224
1171576024
1171577824
1171579624
1171581424
1171583224
1171585024
1171586824
1171588624
1171590424
1171592224
1171594024
1171595824
1171597624
1171599424
1171601224
1171603024
1171604824
1171606624
1171608424
1171610224
1171612024
1171613824
1171615624
1171617424
1171619224
1171621024
1171622824
1171624624
1171626424
1171634344
1171636144
1171637944
1171639744
1171641544
1171643344
1171657074
1171658874
1171660674
1171662474
1171664274
1171672892
1171674692
1171676492
1171678292
1171680092
1171681892
1171683692
1171685492
1171687292
1171689092
1171690892
1171692692
1171694492
1171700312
1171702112
1171703912
1171705712
1171707512
1171714117
1171715917
1171717717
1171719517
1171744644
1171746444
1171748244
1171750044
1171755417
1171757217
1171759017
1171760817
1171762617
1171764417
1171766217
1171768017
1171769817
1171771617
1171773417
1171775217
1171777017
1171778817
1171784952
1171792538
1171800584
1171802384
1171804184
1171805984
1171807784
1171809584
1171811384
1171813184
1171814984
1171824184
1171825984
1171827784
1171851654
1171853454
1171855254
1171857054
1171858854
1171860654
1171868714
1171871746
1171873546
1171875346
1171877146
1171878946
1171880746
1171882546
1171884346
1171886146
1171887946
1171889746
1171891546
1171893346
1171895146
1171896946
1171898746
1171900546
1171902346
1171904146
1171907376
1171909176
1171910976
1171912776
1171914576
1171916376
1171918176
1171919976
1171921776
1171923576
1171925376
1171927176
1171928976
1171930776
1171932576
1171941064
1171942864
1171944664
1171946464
1171948264
1171950064
1171951864
1171953664
1171958830
1171960630
1171962430
1171964230
1171966030
1171967830
1171969630
1171971430
1171973230
1171978193
1171979993
1171981793
1171983593
1171985393
1171987193
1171988993
1172020444
1172022244
1172024044
1172025844
1172027644
1172029444
1172031244
1172033044
1172034844
1172036644
1172038444
1172043411
1172045211
1172047011
1172048811
1172050611
1172052411
1172054211
1172056011
1172057811
1172059611
1172061411
1172071236
1172073036
1172080964
1172088154
1172093119
1172094919
1172096719
1172098519
1172100319
1172102119
1172103919
1172105719
1172107519
1172109319
1172111119
1172112919
1172114719
1172116519
1172118319
1172120119
1172121919
1172123719
1172125519
1172127319
1172129119
1172130919
1172138851
1172146380
1172148180
1172149980
1172151780
1172153580
1172162814
1172164614
1172166414
1172168214
1172170014
1172171814
1172173614
1172175414
1172177214
1172179014
1172180814
1172182614
1172184414
1172186214
1172188014
1172189814
1172191614
1172193414
1172195214
1172197014
1172198814
1172200614
1172202414
1172204214
1172206014
1172207814
1172214932
1172216732
1172218532
1172220332
1172228921
1172230721
1172232521
1172234321
1172236121
1172237921
1172239721
1172241521
1172243321
1172245121
1172246921
1172248721
1172250521
1172252321
1172254121
1172255921
1172257721
1172259521
1172261321
1172263121
1172264921
1172266721
1172268521
1172270321
1172272121
1172273921
1172275721
1172277521
1172279321
1172281121
1172282921
1172284721
1172286521
1172288321
1172297390
1172299190
1172300990
1172302790
1172304590
1172306390
1172308190
1172309990
1172311790
1172313590
1172315390
1172317190
1172318990
1172320790
1172322590
1172324390
1172326190
1172354264
1172362565
1172364365
1172366165
1172367965
1172369765
1172371565
1172373365
1172382130
1172383930
1172388895
1172390695
1172392495
1172394295
1172397682
1172399482
1172401282
1172403082
1172408808
1172410608
1172412408
1172414208
1172416008
1172425487
1172427287
1172429087
1172448838
1172450638
1172452438
1172454238
1172460368
1172462168
1172463968
1172465768
1172467568
1172469368
1172471168
1172472968
1172474768
1172476568
1172478368
1172480168
1172481968
1172483768
1172486093
1172487893
1172496543
1172523855
1172525655
1172527455
1172529255
1172531055
1172536181
1172537981
1172539781
1172541581
1172543381
1172545181
1172546981
1172548781
1172554346
1172556146
1172557946
1172559746
1172561546
1172570867
1172572667
1172574467
1172576267
1172578067
1172579867
1172581667
1172583467
1172585267
1172587067
1172588867
1172590667
1172592467
1172602129
1172603929
1172619721
1172621521
1172623321
1172625121
1172626921
1172628721
1172630521
1172632321
1172642573
1172644373
1172646173
1172647973
1172649773
1172651573
1172653373
1172655173
1172656973
1172658773
1172660573
1172662373
1172664173
1172665973
1172667773
1172669573
1172671373
1172673173
1172674973
1172676773
1172678573
1172680373
1172682173
1172683973
1172685773
1172695547
1172697347
1172699147
1172700947
1172702747
1172704547
1172706347
1172708147
1172709947
1172711747
1172713547
1172715347
1172717147
1172718947
1172720747
1172722547
1172724347
1172726147
1172727947
1172729747
1172731547
1172733347
1172735147
1172736947
1172738747
1172740547
1172742347
1172744147
1172752624
1172754424
1172756224
1172758024
1172759824
1172761624
1172763424
1172765224
1172767024
1172768824
1172770624
1172772424
1172774224
1172776024
1172777824
1172779624
1172781424
1172783224
1172803557
1172805357
1172807157
1172808957
1172810757
1172812557
1172814357
1172816157
1172817957
1172819757
1172821557
1172823357
1172825157
1172826957
1172828757
1172830557
1172832357
1172834157
1172835957
1172837757
1172839557
1172841357
1172843157
1172844957
1172878411
1172880211
1172882011
1172883811
1172885611
1172887411
1172889211
1172891011
1172892811
1172894611
1172896411
1172898211
1172900011
1172901811
1172903611
1172905411
1172907211
1172909011
1172910811
1172912611
1172914411
1172916211
1172918011
1172919811
1172921611
1172923411
1172925211
1172927011
1172928811
1172930611
1172965998
1172967798
1172969598
1172971398
1172973198
1172974998
1172976798
1172984686
1172986486
1172988286
1172990086
1172991886
1172993686
1172995486
1172997286
1172999086
1173000886
1173002686
1173004486
1173006286
1173008086
1173009886
1173011686
1173038713
1173040513
1173042313
1173044113
1173045913
1173047713
1173049513
1173051313
1173054803
1173056603
1173058403
1173060203
1173062003
1173063803
1173065603
1173067403
1173069203
1173071003
1173072803
1173074603
1173076403
1173078203
1173080003
1173081803
1173083603
1173085403
1173087203
1173089003
1173090803
1173092603
1173094403
1173102694
1173104494
1173106294
1173108094
1173109894
1173111694
1173116991
1173118791
1173136437
1173138237
1173141803
1173143603
1173145403
1173147203
1173149003
1173150803
1173152603
1173154403
1173156203
1173158003
1173159803
1173161603
1173163403
1173165203
1173167003
1173168803
1173170603
1173172403
1173174203
1173176003
1173177803
1173179603
1173181403
1173183203
1173185003
1173196994
1173198794
1173200594
1173203123
1173204923
1173206723
1173208523
1173210323
1173212123
1173213923
1173215723
1173217523
1173219323
1173221123
1173222923
1173224723
1173226523
1173228323
1173230123
1173231923
1173233723
1173235523
1173237323
1173239123
1173240923
1173242723
1173244523
1173246323
1173248123
1173249923
1173251723
1173253523
1173255323
1173257123
1173258923
1173260723
1173262523
1173264323
1173269815
1173273004
1173274804
1173276604
1173278404
1173280204
1173282004
1173283804
1173285604
1173287404
1173289204
1173291004
1173292804
1173294604
1173352109
1173393952
1173395752
1173397552
1173399352
1173408465
1173410265
1173412065
1173420636
1173422436
1173424236
1173426036
1173427836
1173429636
1173431436
1173433236
1173435036
1173436836
1173438636
1173440436
1173442236
1173444036
1173445836
1173447636
1173449436
1173451236
1173453036
1173454836
1173456636
1173458436
1173460236
1173462036
1173463836
1173465636
1173467436
1173472739
1173474539
1173476339
1173478139
1173479939
1173481739
1173483539
1173485339
1173487139
1173488939
1173490739
1173492539
1173494339
1173496139
1173497939
1173505960
1173507760
1173509560
1173511360
1173513160
1173514960
1173516760
1173518560
1173520360
1173522160
1173527282
1173529082
1173530882
1173532682
1173558005
1173559805
1173561605
1173563405
1173565205
1173567005
1173568805
1173570605
1173572405
1173577179
1173579629
1173585069
1173587169
1173591047
1173592847
1173594647
1173596447
1173598247
1173600047
1173601847
1173603647
1173605447
1173611358
1173613158