1168034371
1168036171
1168037971
1168046728
1168048528
1168050328
1168052128
1168053928
1168055728
1168057528
1168059328
1168061128
1168062928
1168081860
1168083660
1168085460
1168087260
1168089060
1168090860
1168092660
1168094460
1168096260
1168098060
1168127337
1168129137
1168130937
1168132737
1168134537
1168136337
1168138137
1168139937
1168141737
1168143537
1168145337
1168195855
1168200328
1168202128
1168203928
1168209457
1168217428
1168219228
1168221028
1168222828
1168224628
1168230266
1168232066
1168233866
1168235666
1168237466
1168239266
1168241066
1168242866
1168244666
1168246466
1168248266
1168250066
1168251866
1168256012
1168261942
1168263742
1168265542
1168267342
1168269142
1168270942
1168272742
1168274542
1168276342
1168278142
1168280199
1168281999
1168283799
1168285599
1168287399
1168289199
1168290999
1168301804
1168303604
1168306250
1168308050
1168309850
1168311650
1168313450
1168315250
1168317050
1168318850
1168320650
1168322450
1168324250
1168326050
1168327850
1168329650
1168331450
1168333250
1168335050
1168336850
1168338650
1168340450
1168342250
1168344050
1168345850
1168348115
1168349915
1168359328
1168386634
1168396526
1168400102
1168401902
1168403702
1168405502
1168407302
1168409102
1168410902
1168491517
1168493317
1168495117
1168496917
1168498717
1168500517
1168503729
1168505529
1168507329
1168652849
1168654649
1168656449
1168658249
1168660049
1168661849
1168663649
1168665449
1168688764
1168690564
1168692793
1168808006
1168809806
1168811606
1168813406
1168815206
1168826846
1168828646
1168830446
1168847840
1168849640
1168851440
1168853240
1168855040
1168856840
1168858640
1168860440
1168862240
1168864040
1168865840
1168867640
1168869440
1168871240
1168873040
1168874840
1168876640
1168878440
1168880240
1168882040
1168883840
1168885640
1168887440
1168889240
1168891040
1168892840
1168894640
1168896440
1168898240
1168900040
1168919511
1168921311
1168923111
1168924911
1168926711
1168928511
1168930311
1168932111
1168933911
1168935711
1168937511
1168939311
1168941111
1168942911
1168944711
1168946511
1168948311
1168952428
1168954228
1168956028
1168957828
1168959628
1168961428
1168963228
1168965028
1168966828
1168968628
1168970428
1168981277
1168983077
1168984877
1168986677
1168988477
1168990277
1168992077
1168993877
1168995677
1168997477
1168999277
1169001077
1169002877
1169004677
1169006477
1169008277
1169015480
1169017280
1169019080
1169020880
1169022680
1169024480
1169026280
1169028080
1169029880
1169031680
1169033480
1169035280
1169037080
1169038880
1169040680
1169042480
1169044280
1169046080
1169047880
1169049680
1169051480
1169053280
1169055080
1169069023
1169070823
1169072623
1169086777
1169088577
1169090377
1169092177
1169120588
1169122388
1169124188
1169125988
1169127788
1169138625
1169140425
1169142225
1169144025
1169165774
1169167574
1169169374
1169171174
1169178290
1169180090
1169181890
1169183690
1169185490
1169187290
1169189090
1169190890
1169192690
1169194490
1169196290
1169198090
1169199890
1169201690
1169209579
1169211379
1169213179
1169214979
1169216779
1169218579
1169220379
1169222179
1169223979
1169232707
1169234507
1169236307
1169238107
1169239907
1169241707
1169243507
1169245307
1169247107
1169248907
1169250707
1169252507
1169254307
1169256107
1169257907
1169259707
1169261507
1169263307
1169265107
1169266907
1169268707
1169270507
1169275996
1169277796
1169279596
1169281396
1169283196
1169284996
1169293912
1169295712
1169297512
1169299312
1169301112
1169302912
1169304712
1169306512
1169335730
1169337530
1169344961
1169346761
1169348561
1169350361
1169352161
1169353961
1169355761
1169361485
1169363285
1169365085
1169366885
1169368685
1169370485
1169372285
1169374085
1169375885
1169377685
1169379485
1169381285
1169383085
1169384885
1169386685
1169388485
1169390285
1169392085
1169393885
1169405069
1169406869
1169408669
1169410469
1169412269
1169414069
1169424380
1169426180
1169427980
1169429780
1169431580
1169433380
1169435180
1169436980
1169438780
1169440580
1169442380
1169444180
1169445980
1169447780
1169449580
1169451380
1169453180
1169454980
1169456780
1169458580
1169460380
1169462180
1169463980
1169465780
1169467580
1169469380
1169471180
1169472980
1169474780
1169476580
1169478380
1169480180
1169481980
1169483780
1169485580
1169487380
1169489180
1169490980
1169492780
1169498403
1169500203
1169502003
1169503803
1169505603
1169507403
1169509203
1169511003
1169512803
1169514603
1169516403
1169518203
1169520003
1169521803
1169523603
1169525403
1169527203
1169529003
1169530803
1169532603
1169534403
1169536203
1169538003
1169539803
1169541603
1169543403
1169545203
1169547003
1169548803
1169550603
1169552403
1169554203
1169556003
1169557803
1169559603
1169564412
1169568321
1169570121
1169571921
1169573721
1169575521
1169579022
1169580822
1169582622
1169584422
1169586222
1169588022
1169589822
1169591622
1169593422
1169595222
1169597022
1169598822
1169600622
1169602422
1169604222
1169606022
1169607822
1169609622
1169611422
1169613222
1169615022
1169616822
1169618622
1169620422
1169622222
1169624022
1169625822
1169627622
1169629422
1169631222
1169633022
1169634822
1169636622
1169638422
1169640222
1169642022
1169643822
1169645622
1169647422
1169649222
1169651022
1169652822
1169654622
1169661125
1169662925
1169664725
1169666525
1169672019
1169673819
1169675619
1169677419
1169679219
1169681019
1169682819
1169684619
1169686419
1169688219
1169690019
1169691819
1169693619
1169695419
1169697219
1169699019
1169700819
1169702619
1169704419
1169706219
1169708019
1169709819
1169711619
1169713419
1169715219
1169717019
1169718819
1169720619
1169722419
1169724219
1169726019
1169727819
1169736564
1169738364
1169740164
1169741964
1169743764
1169745564
1169747364
1169749164
1169750964
1169752764
1169754564
1169759508
1169761308
1169763108
1169764908
1169766708
1169768508
1169770308
1169775929
1169777729
1169779529
1169781329
1169783129
1169784929
1169786729
1169788529
1169790329
1169792129
1169793929
1169795729
1169797529
1169799329
1169801129
1169802929
1169804729
1169806529
1169808329
1169810129
1169811929
1169813729
1169815529
1169817329
1169819129
1169820929
1169822729
1169824529
1169826329
1169831403
1169833203
1169835003
1169836803
1169838603
1169840403
1169842203
1169844003
1169845803
1169847603
1169849403
1169851203
1169853003
1169854803
1169856603
1169858403
1169860203
1169862003
1169863803
1169865603
1169867403
1169869203
1169871003
1169872803
1169874603
1169876403
1169878203
1169880003
1169881803
1169883603
1169885403
1169887203
1169889003
1169890803
1169892603
1169894403
1169896203
1169898003
1169899803
1169901603
1169903403
1169905203
1169907003
1169944911
1169946711
1169948511
1169950311
1169952111
1169953911
1169955711
1169957511
1169959311
1169961111
1169962911
1169964711
1169966511
1169968311
1169970111
1169971911
1169973711
1169975511
1169977311
1169979111
1169980911
1169982711
1169984511
1169986311
1169988111
1169997330
1169999130
1170000930
1170002730
1170004530
1170006330
1170008130
1170009930
1170011730
1170013530
1170015330
1170017130
1170059402
1170061202
1170063002
1170064802
1170066602
1170068402
1170070202
1170072002
1170073802
1170075602
1170077402
1170079202
1170081002
1170082802
1170084602
1170086402
1170088202
1170092944
1170094744
1170096544
1170098344
1170100144
1170101944
1170103744
1170105544
1170107344
1170109144
1170110944
1170112744
1170114544
1170116344
1170118144
1170119944
1170121744
1170123544
1170125344
1170127144
1170128944
1170130744
1170132544
1170134344
1170136144
1170137944
1170139744
1170141544
1170143344
1170145144
1170146944
1170148744
1170150544
1170152344
1170154144
1170155944
1170157744
1170159544
1170161344
1170163144
1170164944
1170166744
1170168544
1170170344
1170174698
1170176498
1170178298
1170180098
1170181898
1170183698
1170185498
1170187298
1170189098
1170190898
1170192698
1170194498
1170196298
1170198098
1170199898
1170201698
1170203498
1170205298
1170207098
1170213052
1170214852
1170216652
1170218452
1170220252
1170226183
1170227983
1170229783
1170231583
1170237538
1170239338
1170241138
1170242938
1170244738
1170246538
1170248338
1170250138
1170251938
1170253738
1170255538
1170257338
1170259138
1170260938
1170262738
1170264538
1170266338
1170268138
1170269938
1170271738
1170273538
1170275338
1170277138
1170278938
1170280738
1170282538
1170284338
1170286138
1170287938
1170289738
1170291538
1170293338
1170295138
1170296938
1170298738
1170300538
1170302338
1170304138
1170305938
1170307738
1170309538
1170311338
1170313138
1170314938
1170316738
1170318538
1170320338
1170322138
1170323938
1170325738
1170327538
1170329338
1170331138
1170332938
1170334738
1170336538
1170338338
1170340138
1170341938
1170343738
1170345538
1170347338
1170349138
1170350938
1170352738
1170354538
1170356338
1170358138
1170359938
1170361738
1170363538
1170365338
1170367138
1170368938
1170370738
1170372538
1170374338
1170376138
1170377938
1170379738
1170381538
1170383338
1170385138
1170390535
1170392335
1170394135
1170395935
1170397735
1170399535
1170401335
1170403135
1170406227
1170408027
1170409827
1170411627
1170413427
1170415227
1170417027
1170418827
1170420627
1170422427
1170424227
1170426027
1170427827
1170429627
1170431427
1170434172
1170435972
1170437772
1170439572
1170441372
1170445421
1170447221
1170449021
1170450821
1170452621
1170455734
1170457534
1170470874
1170488257
1170490057
1170491857
1170493657
1170495457
1170497257
1170499057
1170500857
1170502657
1170507243
1170509043
1170510843
1170512643
1170514443
1170569826
1170575265
1170579090
1170581967
1170585253
1170587053
1170588853
1170590653
1170592453
1170594253
1170596053
1170597853
1170599653
1170602997
1170604797
1170606597
1170608397
1170610197
1170611997
1170613797
1170615597
1170617397
1170619197
1170620997
1170622797
1170624597
1170626397
1170628197
1170629997
1170631797
1170633597
1170635397
1170637197
1170638997
1170640797
1170642597
1170644397
1170646197
1170647997
1170649797
1170651597
1170653397
1170655197
1170656997
1170658797
1170660597
1170662397
1170664197
1170665997
1170667797
1170677571
1170693028
1170694828
1170696628
1170698428
1170700228
1170702744
1170704544
1170706344
1170708144
1170709944
1170711744
1170713544
1170715344
1170717144
1170718944
1170720744
1170722544
1170724344
1170726144
1170727944
1170729744
1170731544
1170733344
1170735144
1170736944
1170738744
1170740544
1170742344
1170758973
1170760773
1170762573
1170764373
1170766173
1170767973
1170769773
1170784491
1170786291
1170788091
1170789891
1170791691
1170793491
1170795291
1170797091
1170798891
1170800691
1170802957
1170804757
1170806557
1170808357
1170810157
1170811957
1170829074
1170830874
1170832674
1170834474
1170836274
1170838074
1170839874
1170841674
1170843474
1170845274
1170847074
1170848874
1170850674
1170852474
1170854274
1170856074
1170857874
1170859674
1170861474
1170863274
1170865074
1170866874
1170868674
1170870474
1170872274
1170874074
1170875874
1170877674
1170879474
1170881274
1170883074
1170884874
1170886674
1170888474
1170890274
1170892074
1170893874
1170897188
1170898988
1170900788
1170902588
1170904388
1170911662
1170913462
1170915262
1170917062
1170918862
1170920662
1170922462
1170924262
1170926062
1170927862
1170929662
1170931462
1170933262
1170935062
1170936862
1170938662
1170940462
1170942262
1170952445
1170954245
1170956045
1170957845
1170959645
1170961445
1170963245
1170965045
1170966845
1170968645
1170970445
1170972245
1170974045
1170975845
1170977645
1170979445
1170981245
1170983045
1170984845
1170986645
1170988445
1170990245
1170992045
1170993845
1170995645
1170997445
1170999245
1171001045
1171002845
1171012712
1171014512
1171016312
1171018112
1171019912
1171021712
1171023512
1171025312
1171027112
1171028912
1171030712
1171032512
1171034312
1171036112
1171037912
1171039712
1171041512
1171043312
1171045112
1171046912
1171048712
1171050512
1171052312
1171054112
1171057520
1171059320
1171061120
1171062920
1171064720
1171066520
1171068320
1171070120
1171071920
1171073720
1171075520
1171077320
1171079120
1171080920
1171082720
1171084520
1171086320
1171088120
1171089920
1171091720
1171093520
1171095320
1171097120
1171098920
1171100720
1171103484
1171105284
1171107084
1171108884
1171110684
1171112484
1171114284
1171116084
1171117884
1171119684
1171121484
1171164084
1171165884
1171167684
1171169484
1171171284
1171173084
1171174884
1171176684
1171178484
1171180284
1171182084
1171183884
1171190684
1171192484
1171194284
1171196084
1171197884
1171199684
1171201484
1171203284
1171205084
1171206884
1171208684
1171210484
1171212284
1171214084
1171219216
1171221016
1171222816
1171224616
1171226416
1171228216
1171230016
1171231816
1171233616
1171235416
1171237216
1171239016
1171240816
1171242616
1171244416
1171246216
1171248016
1171249816
1171251616
1171253416
1171255216
1171257016
1171258816
1171260616
1171262416
1171264216
1171266016
1171267816
1171269616
1171271416
1171273216
1171275016
1171276816
1171278616
1171280416
1171282216
1171290236
1171292036
1171293836
1171295636
1171297436
1171324473
1171326273
1171328073
1171331881
1171333681
1171335481
1171337281
1171339081
1171340881
1171342681
1171344481
1171346281
1171348081
1171349881
1171351681
1171353481
1171355281
1171357081
1171358881
1171360681
1171362481
1171364281
1171366081
1171367881
1171369681
1171371481
1171373281
1171375081
1171376881
1171378681
1171380481
1171382281
1171384081
1171385881
1171387681
1171389481
1171394981
1171396781
1171398581
1171403088
1171404888
1171406688
1171408488
1171410288
1171412088
1171413888
1171415688
1171417488
1171419288
1171421088
1171422888
1171424688
1171426488
1171428288
1171442120
1171443920
1171445720
1171447520
1171449320
1171451120
1171452920
1171454720
1171456520
1171458320
1171460120
1171461920
1171463720
1171465520
1171467320
1171469120
1171470920
1171472720
1171474520
1171476320
1171478120
1171479920
1171481720
1171483520
1171485320
1171487120
1171488920
1171490720
1171492520
1171494320
1171496120
1171497920
1171499720
1171501520
1171503320
1171505120
1171506920
1171508720
1171510520
1171512320
1171514120
1171515920
1171517720
1171519520
1171521320
1171523120
1171524920
1171526720
1171531855
1171533655
1171535455
1171537255
1171539055
1171540855
1171542655
1171544455
1171546255
1171548055
1171549855
1171551655
1171553455
1171555255
1171557055
1171558855
1171560655
1171562455
1171564255
1171566055
1171567855
1171569655
1171571455
1171573255
1171575055
1171576855
1171578655
1171580455
1171582255
1171584055
1171585855
1171587655
1171589455
1171591255
1171593055
1171594855
1171596655
1171598455
1171600255
1171602055
1171603855
1171605655
1171607455
1171609255
1171611055
1171612855
1171614655
1171616455
1171620871
1171622671
1171624471
1171626271
1171628071
1171644010
1171645810
1171647610
1171649410
1171651210
1171653010
1171654810
1171656610
1171658410
1171660210
1171662010
1171663810
1171665610
1171667410
1171669210
1171671010
1171672810
1171674610
1171676410
1171678210
1171680010
1171685597
1171687397
1171689197
1171690997
1171692797
1171694597
1171696397
1171698197
1171699997
1171701797
1171703597
1171705397
1171707197
1171708997
1171710797
1171712597
1171714397
1171716197
1171717997
1171719797
1171725502
1171727302
1171745150
1171746950
1171748750
1171750550
1171752350
1171754150
1171755950
1171757750
1171759550
1171761350
1171763150
1171764950
1171766750
1171768550
1171770350
1171772150
1171773950
1171775750
1171777550
1171779350
1171781150
1171782950
1171784750
1171786550
1171788350
1171790150
1171791950
1171793750
1171795550
1171797350
1171799150
1171800950
1171802750
1171804550
1171806350
1171808150
1171809950
1171811750
1171813550
1171815350
1171817150
1171818950
1171820750
1171822550
1171824350
1171826150
1171827950
1171829750
1171831550
1171833350
1171837126
1171838926
1171840726
1171842526
1171846040
1171847840
1171849640
1171851440
1171853240
1171855040
1171856840
1171858640
1171860440
1171862240
1171872959
1171874759
1171876559
1171878359
1171880159
1171881959
1171883759
1171885559
1171887359
1171889159
1171890959
1171892759
1171894559
1171896359
1171898159
1171899959
1171901759
1171903559
1171905359
1171907159
1171908959
1171910759
1171912559
1171914359
1171916159
1171917959
1171919759
1171924955
1171926755
1171928555
1171930355
1171932155
1171933955
1171935755
1171937555
1171939794
1171941594
1171943394
1171945194
1171946994
1171948794
1171950594
1171952394
1171954194
1171955994
1171957794
1171959594
1171961394
1171963194
1171964994
1171966794
1171968594
1171970394
1171972194
1171978565
1171980365
1171982165
1171983965
1171985765
1171987565
1171989365
1172024219
1172026019
1172027819
1172029619
1172031419
1172033219
1172035019
1172036819
1172038619
1172040419
1172042219
1172044019
1172058415
1172060215
1172065293
1172067093
1172068893
1172070693
1172072493
1172074293
1172076831
1172078631
1172080431
1172082231
1172084031
1172085831
1172087631
1172089431
1172091231
1172093031
1172094831
1172096631
1172098431
1172100231
1172102031
1172103831
1172105631
1172107431
1172109231
1172111031
1172112831
1172114631
1172116431
1172118231
1172120031
1172121831
1172123631
1172125431
1172127231
1172129031
1172130831
1172132631
1172135811
1172137611
1172139411
1172141211
1172143011
1172144811
1172146611
1172148411
1172150211
1172154199
1172155999
1172157799
1172159599
1172161399
1172163199
1172164999
1172166799
1172168599
1172170399
1172172199
1172173999
1172175799
1172177599
1172179399
1172181199
1172182999
1172184799
1172186599
1172188399
1172190199
1172191999
1172193799
1172195599
1172197399
1172199199
1172200999
1172202799
1172204599
1172206399
1172208199
1172209999
1172211799
1172213599
1172215399
1172217199
1172218999
1172220799
1172222599
1172224399
1172226199
1172227999
1172229799
1172231599
1172233399
1172235199
1172236999
1172238799
1172240599
1172242399
1172244199
1172245999
1172247799
1172249599
1172251399
1172253199
1172254999
1172256799
1172258599
1172260399
1172262199
1172263999
1172265799
1172267599
1172270929
1172272729
1172274529
1172276833
1172278633
1172280433
1172282233
1172284033
1172285833
1172287633
1172289433
1172292628
1172294428
1172296228
1172298028
1172299828
1172301628
1172303428
1172305228
1172307028
1172308828
1172310628
1172312428
1172314228
1172316028
1172317828
1172319628
1172321428
1172323228
1172325028
1172326828
1172328628
1172330428
1172362766
1172364566
1172366366
1172368166
1172371041
1172372841
1172374641
1172376441
1172378241
1172380041
1172381841
1172383641
1172385441
1172388020
1172389820
1172391620
1172393420
1172395502
1172397302
1172399102
1172410631
1172412431
1172414231
1172416031
1172417831
1172419631
1172421431
1172423231
1172425787
1172427587
1172448404
1172450204
1172452004
1172453804
1172455604
1172457404
1172459204
1172461004
1172470252
1172476833
1172478633
1172480433
1172482233
1172484033
1172485833
1172487633
1172489433
1172491233
1172493033
1172494833
1172496633
1172498433
1172500233
1172502033
1172503833
1172506820
1172508620
1172510420
1172512220
1172514020
1172515820
1172517620
1172519420
1172521220
1172523020
1172524820
1172526620
1172528420
1172530220
1172532020
1172533820
1172535620
1172537420
1172539220
1172541020
1172542820
1172544620
1172546420
1172548220
1172550020
1172551820
1172553620
1172555420
1172557220
1172559020
1172560820
1172562620
1172565723
1172567523
1172569323
1172571123
1172572923
1172574723
1172576523
1172578323
1172580123
1172581923
1172583723
1172585523
1172587323
1172589123
1172590923
1172592723
1172594523
1172596323
1172598123
1172599923
1172602737
1172604537
1172612545
1172614345
1172616145
1172619611
1172621411
1172623211
1172625011
1172626811
1172628611
1172630411
1172632211
1172634712
1172636512
1172644117
1172645917
1172647717
1172649517
1172651317
1172653117
1172654917
1172656717
1172658517
1172660317
1172662117
1172663917
1172665717
1172667517
1172669317
1172671117
1172672917
1172674717
1172676517
1172678317
1172680117
1172681917
1172683717
1172685517
1172687317
1172689117
1172690917
1172692717
1172694517
1172696317
1172698117
1172699917
1172701717
1172703517
1172705317
1172707117
1172712327
1172714127
1172715927
1172717727
1172719527
1172721327
1172728131
1172729931
1172735073
1172736873
1172738673
1172753100
1172754900
1172759194
1172760994
1172762794
1172764594
1172766394
1172768194
1172769994
1172771794
1172773594
1172775394
1172777194
1172778994
1172780794
1172782594
1172784394
1172787093
1172788893
1172799861
1172801661
1172803461
1172805261
1172807061
1172808861
1172819083
1172826763
1172828563
1172830363
1172832163
1172833963
1172835872
1172837672
1172839472
1172841272
1172844099
1172845899
1172847699
1172850013
1172851813
1172853613
1172855413
1172873394
1172875194
1172876994
1172878794
1172880594
1172882394
1172884194
1172885994
1172887794
1172889594
1172891394
1172893194
1172894994
1172896794
1172898594
1172900394
1172902194
1172903994
1172905794
1172907594
1172909394
1172911194
1172912994
1172914794
1172916594
1172918394
1172920194
1172921994
1172923794
1172925594
1172927394
1172929194
1172930994
1172932794
1172934594
1172963692
1172965492
1172967292
1172969092
1172970892
1172977297
1172987705
1172989505
1172991305
1172993105
1172994905
1172996705
1172998505
1173000305
1173002105
1173003905
1173005705
1173007505
1173009305
1173011105
1173012905
1173014705
1173017454
1173019254
1173021054
1173022854
1173024654
1173026454
1173028952
1173030752
1173033109
1173034909
1173036709
1173038509
1173040309
1173042109
1173043909
1173045709
1173047509
1173049309
1173051109
1173052909
1173061377
1173063177
1173064977
1173066777
1173068577
1173076331
1173078131
1173079931
1173081731
1173083531
1173085331
1173087131
1173088931
1173090731
1173092531
1173094331
1173096131
1173097931
1173100702
1173102502
1173104302
1173106102
1173107902
1173109702
1173111502
1173116028
1173117828
1173119628
1173128439
1173130239
1173132039
1173133839
1173141421
1173143221
1173145021
1173146821
1173148621
1173150421
1173152221
1173154021
1173155821
1173157621
1173159421
1173161221
1173163021
1173171740
1173173540
1173175340
1173177140
1173178940
1173180740
1173182540
1173184340
1173188687
1173190487
1173192287
1173194087
1173195887
1173197687
1173199487
1173201287
1173207550
1173209350
1173211150
1173212950
1173214750
1173216550
1173218350
1173220150
1173221950
1173223750
1173225550
1173227350
1173229150
1173233682
1173235482
1173237282
1173239082
1173240882
1173242682
1173244482
1173246282
1173248082
1173249882
1173251682
1173253482
1173255282
1173257082
1173258882
1173260682
1173262482
1173264282
1173266082
1173267882
1173269682
1173271482
1173273282
1173275082
1173276882
1173278682
1173280482
1173282282
1173284082
1173285882
1173287682
1173289482
1173291282
1173293082
1173294882
1173296682
1173298482
1173300282
1173302082
1173303882
1173305682
1173307482
1173346589
1173348389
1173350189
1173351989
1173353789
1173355589
1173357389
1173359189
1173360989
1173362789
1173364589
1173367970
1173369770
1173371570
1173373960
1173375760
1173377560
1173379360
1173381160
1173382960
1173384760
1173386560
1173388360
1173390160
1173391960
1173393760
1173395560
1173397360
1173407811
1173409611
1173411411
1173413211
1173415011
1173416811
1173423244
1173425044
1173426844
1173428644
1173430444
1173432244
1173434044
1173435844
1173437644
1173439444
1173441244
1173443044
1173444844
1173446644
1173448444
1173450244
1173452044
1173453844
1173455644
1173457444
1173459244
1173461044
1173462844
1173464644
1173466444
1173468244
1173470044
1173471844
1173473644
1173475444
1173477244
1173479044
1173480844
1173482644
1173484444
1173486244
1173488044
1173489844
1173491644
1173493444
1173495244
1173497044
1173498844
1173500644
1173502444
1173504244
1173506044
1173507844
1173509644
1173511444
1173513244
1173515044
1173516844
1173518644
1173520444
1173522244
1173524044
1173525844
1173527644
1173529444
1173531244
1173533044
1173534844
1173536644