%% cmdline: /home/m206265/.local/bin/lalapps_ComputeFstatistic_v2 --Alpha=1.45968 --Delta=0.38422 --Freq=60.00099990065892 --f1dot=-3.776420265719291e-10 --f2dot=-6.014439216907755e-20 --FreqBand=2.148861829065806e-07 --f1dotBand=1.798443061843323e-13 --f2dotBand=1.471634250751322e-19 --dFreq=9.992207505156001e-08 --df1dot=8.362760237571451e-14 --df2dot=6.84309926599365e-20 --DataFiles="/home/m206265/lalapps_work/SFTinj/*.sft" --assumeSqrtSX="0.00751" --refTime=1171754150 --outputFstat="/home/m206265/lalapps_work/mismatchNewGrid/mism10/SNR_GridLoud_modif10_37.txt" --NumCandidatesToKeep=1 --FstatMethod=DemodSSE --outputTiming="/home/m206265/lalapps_work/mismatchNewGrid/mism10/Timing_SNR_GridLoud_modif10.txt"
%% LAL: 7.1.5 (UNCLEAN 53aa4afe025550f99f1042f83420085e09e6a5fc)
%% LALFrame: 1.6.0 (UNCLEAN 53aa4afe025550f99f1042f83420085e09e6a5fc)
%% LALMetaIO: 2.1.0 (UNCLEAN 53aa4afe025550f99f1042f83420085e09e6a5fc)
%% LALSimulation: 3.1.0 (UNCLEAN 53aa4afe025550f99f1042f83420085e09e6a5fc)
%% LALBurst: 1.5.10 (UNCLEAN 53aa4afe025550f99f1042f83420085e09e6a5fc)
%% LALInspiral: 2.0.4 (UNCLEAN 53aa4afe025550f99f1042f83420085e09e6a5fc)
%% LALPulsar: 3.1.1 (UNCLEAN 53aa4afe025550f99f1042f83420085e09e6a5fc)
%% LALInference: 3.0.1 (UNCLEAN 53aa4afe025550f99f1042f83420085e09e6a5fc)
%% LALApps: 7.4.0 (UNCLEAN 53aa4afe025550f99f1042f83420085e09e6a5fc)
%% NSFTs      NFreq    tauF[s] tauFEff[s]   tauF0[s] FstatMethod     tauMin     tauMax     NStart       NTau tauTransFstatMap tauTransMarg
    4107          3    5.8e-04    5.8e-04    1.4e-07   DemodSSE          0          0          0          0          0.0e+00      0.0e+00
    4107          3    5.8e-04    5.8e-04    1.4e-07   DemodSSE          0          0          0          0          0.0e+00      0.0e+00
    4107          3    5.8e-04    5.8e-04    1.4e-07   DemodSSE          0          0          0          0          0.0e+00      0.0e+00
    4107          3    5.8e-04    5.8e-04    1.4e-07   DemodSSE          0          0          0          0          0.0e+00      0.0e+00
    4107          3    5.8e-04    5.8e-04    1.4e-07   DemodSSE          0          0          0          0          0.0e+00      0.0e+00
    4107          3    5.8e-04    5.8e-04    1.4e-07   DemodSSE          0          0          0          0          0.0e+00      0.0e+00
    4107          3    5.8e-04    5.8e-04    1.4e-07   DemodSSE          0          0          0          0          0.0e+00      0.0e+00
    4107          3    0.0e+00    0.0e+00    0.0e+00   DemodSSE          0          0          0          0          0.0e+00      0.0e+00
    4107          3    0.0e+00    0.0e+00    0.0e+00   DemodSSE          0          0          0          0          0.0e+00      0.0e+00
    4107          3    5.8e-04    5.8e-04    1.4e-07   DemodSSE          0          0          0          0          0.0e+00      0.0e+00
    4107          3    0.0e+00    0.0e+00    0.0e+00   DemodSSE          0          0          0          0          0.0e+00      0.0e+00
    4107          3    5.8e-04    5.8e-04    1.4e-07   DemodSSE          0          0          0          0          0.0e+00      0.0e+00
    4107          3    5.8e-04    5.8e-04    1.4e-07   DemodSSE          0          0          0          0          0.0e+00      0.0e+00
    4107          3    5.8e-04    5.8e-04    1.4e-07   DemodSSE          0          0          0          0          0.0e+00      0.0e+00
    4107          3    5.8e-04    5.8e-04    1.4e-07   DemodSSE          0          0          0          0          0.0e+00      0.0e+00
    4107          3    5.8e-04    5.8e-04    1.4e-07   DemodSSE          0          0          0          0          0.0e+00      0.0e+00
    4107          3    0.0e+00    0.0e+00    0.0e+00   DemodSSE          0          0          0          0          0.0e+00      0.0e+00
    4107          3    0.0e+00    0.0e+00    0.0e+00   DemodSSE          0          0          0          0          0.0e+00      0.0e+00
    4107          3    5.8e-04    5.8e-04    1.4e-07   DemodSSE          0          0          0          0          0.0e+00      0.0e+00
    4107          3    1.2e-03    1.2e-03    2.8e-07   DemodSSE          0          0          0          0          0.0e+00      0.0e+00
    4107          3    5.8e-04    5.8e-04    1.4e-07   DemodSSE          0          0          0          0          0.0e+00      0.0e+00
    4107          3    5.8e-04    5.8e-04    1.4e-07   DemodSSE          0          0          0          0          0.0e+00      0.0e+00
    4107          3    5.8e-04    5.8e-04    1.4e-07   DemodSSE          0          0          0          0          0.0e+00      0.0e+00
    4107          3    5.8e-04    5.8e-04    1.4e-07   DemodSSE          0          0          0          0          0.0e+00      0.0e+00
    4107          3    0.0e+00    0.0e+00    0.0e+00   DemodSSE          0          0          0          0          0.0e+00      0.0e+00
    4107          3    5.8e-04    5.8e-04    1.4e-07   DemodSSE          0          0          0          0          0.0e+00      0.0e+00
    4107          3    5.8e-04    5.8e-04    1.4e-07   DemodSSE          0          0          0          0          0.0e+00      0.0e+00
    4107          3    5.8e-04    5.8e-04    1.4e-07   DemodSSE          0          0          0          0          0.0e+00      0.0e+00
    4107          3    1.2e-03    1.2e-03    2.8e-07   DemodSSE          0          0          0          0          0.0e+00      0.0e+00
    4107          3    1.2e-03    1.2e-03    2.8e-07   DemodSSE          0          0          0          0          0.0e+00      0.0e+00
    4107          3    5.8e-04    5.8e-04    1.4e-07   DemodSSE          0          0          0          0          0.0e+00      0.0e+00
    4107          3    5.8e-04    5.8e-04    1.4e-07   DemodSSE          0          0          0          0          0.0e+00      0.0e+00
    4107          3    1.2e-03    1.2e-03    2.8e-07   DemodSSE          0          0          0          0          0.0e+00      0.0e+00
    4107          3    5.8e-04    5.8e-04    1.4e-07   DemodSSE          0          0          0          0          0.0e+00      0.0e+00
    4107          3    5.8e-04    5.8e-04    1.4e-07   DemodSSE          0          0          0          0          0.0e+00      0.0e+00
    4107          3    5.8e-04    5.8e-04    1.4e-07   DemodSSE          0          0          0          0          0.0e+00      0.0e+00
    4107          3    5.8e-04    5.8e-04    1.4e-07   DemodSSE          0          0          0          0          0.0e+00      0.0e+00
    4107          3    5.8e-04    5.8e-04    1.4e-07   DemodSSE          0          0          0          0          0.0e+00      0.0e+00
    4107          3    0.0e+00    0.0e+00    0.0e+00   DemodSSE          0          0          0          0          0.0e+00      0.0e+00
    4107          3    5.8e-04    5.8e-04    1.4e-07   DemodSSE          0          0          0          0          0.0e+00      0.0e+00
    4107          3    1.2e-03    1.2e-03    2.8e-07   DemodSSE          0          0          0          0          0.0e+00      0.0e+00
    4107          3    5.8e-04    5.8e-04    1.4e-07   DemodSSE          0          0          0          0          0.0e+00      0.0e+00
    4107          3    0.0e+00    0.0e+00    0.0e+00   DemodSSE          0          0          0          0          0.0e+00      0.0e+00
    4107          3    1.2e-03    1.2e-03    2.8e-07   DemodSSE          0          0          0          0          0.0e+00      0.0e+00
    4107          3    5.8e-04    5.8e-04    1.4e-07   DemodSSE          0          0          0          0          0.0e+00      0.0e+00
    4107          3    1.2e-03    1.2e-03    2.8e-07   DemodSSE          0          0          0          0          0.0e+00      0.0e+00
    4107          3    5.8e-04    5.8e-04    1.4e-07   DemodSSE          0          0          0          0          0.0e+00      0.0e+00
    4107          3    5.8e-04    5.8e-04    1.4e-07   DemodSSE          0          0          0          0          0.0e+00      0.0e+00
    4107          3    5.8e-04    5.8e-04    1.4e-07   DemodSSE          0          0          0          0          0.0e+00      0.0e+00
    4107          3    1.2e-03    1.2e-03    2.8e-07   DemodSSE          0          0          0          0          0.0e+00      0.0e+00
    4107          3    5.8e-04    5.8e-04    1.4e-07   DemodSSE          0          0          0          0          0.0e+00      0.0e+00
    4107          3    5.8e-04    5.8e-04    1.4e-07   DemodSSE          0          0          0          0          0.0e+00      0.0e+00
    4107          3    5.8e-04    5.8e-04    1.4e-07   DemodSSE          0          0          0          0          0.0e+00      0.0e+00
    4107          3    5.8e-04    5.8e-04    1.4e-07   DemodSSE          0          0          0          0          0.0e+00      0.0e+00
    4107          3    5.8e-04    5.8e-04    1.4e-07   DemodSSE          0          0          0          0          0.0e+00      0.0e+00
    4107          3    0.0e+00    0.0e+00    0.0e+00   DemodSSE          0          0          0          0          0.0e+00      0.0e+00
    4107          3    5.8e-04    5.8e-04    1.4e-07   DemodSSE          0          0          0          0          0.0e+00      0.0e+00
    4107          3    1.2e-03    1.2e-03    2.8e-07   DemodSSE          0          0          0          0          0.0e+00      0.0e+00
    4107          3    1.2e-03    1.2e-03    2.8e-07   DemodSSE          0          0          0          0          0.0e+00      0.0e+00
    4107          3    5.8e-04    5.8e-04    1.4e-07   DemodSSE          0          0          0          0          0.0e+00      0.0e+00
    4107          3    5.8e-04    5.8e-04    1.4e-07   DemodSSE          0          0          0          0          0.0e+00      0.0e+00
    4107          3    1.2e-03    1.2e-03    2.8e-07   DemodSSE          0          0          0          0          0.0e+00      0.0e+00
    4107          3    5.8e-04    5.8e-04    1.4e-07   DemodSSE          0          0          0          0          0.0e+00      0.0e+00
    4107          3    5.8e-04    5.8e-04    1.4e-07   DemodSSE          0          0          0          0          0.0e+00      0.0e+00
    4107          3    1.2e-03    1.2e-03    2.8e-07   DemodSSE          0          0          0          0          0.0e+00      0.0e+00
    4107          3    1.2e-03    1.2e-03    2.8e-07   DemodSSE          0          0          0          0          0.0e+00      0.0e+00
    4107          3    0.0e+00    0.0e+00    0.0e+00   DemodSSE          0          0          0          0          0.0e+00      0.0e+00
    4107          3    0.0e+00    0.0e+00    0.0e+00   DemodSSE          0          0          0          0          0.0e+00      0.0e+00
    4107          3    5.8e-04    5.8e-04    1.4e-07   DemodSSE          0          0          0          0          0.0e+00      0.0e+00
    4107          3    5.8e-04    5.8e-04    1.4e-07   DemodSSE          0          0          0          0          0.0e+00      0.0e+00
    4107          3    5.8e-04    5.8e-04    1.4e-07   DemodSSE          0          0          0          0          0.0e+00      0.0e+00
    4107          3    0.0e+00    0.0e+00    0.0e+00   DemodSSE          0          0          0          0          0.0e+00      0.0e+00
    4107          3    1.7e-03    1.7e-03    4.2e-07   DemodSSE          0          0          0          0          0.0e+00      0.0e+00
    4107          3    5.8e-04    5.8e-04    1.4e-07   DemodSSE          0          0          0          0          0.0e+00      0.0e+00
    4107          3    5.8e-04    5.8e-04    1.4e-07   DemodSSE          0          0          0          0          0.0e+00      0.0e+00
    4107          3    5.8e-04    5.8e-04    1.4e-07   DemodSSE          0          0          0          0          0.0e+00      0.0e+00
    4107          3    5.8e-04    5.8e-04    1.4e-07   DemodSSE          0          0          0          0          0.0e+00      0.0e+00
    4107          3    5.8e-04    5.8e-04    1.4e-07   DemodSSE          0          0          0          0          0.0e+00      0.0e+00
    4107          3    1.2e-03    1.2e-03    2.8e-07   DemodSSE          0          0          0          0          0.0e+00      0.0e+00
    4107          3    5.8e-04    5.8e-04    1.4e-07   DemodSSE          0          0          0          0          0.0e+00      0.0e+00
    4107          3    1.2e-03    1.2e-03    2.8e-07   DemodSSE          0          0          0          0          0.0e+00      0.0e+00
    4107          3    5.8e-04    5.8e-04    1.4e-07   DemodSSE          0          0          0          0          0.0e+00      0.0e+00
    4107          3    1.2e-03    1.2e-03    2.8e-07   DemodSSE          0          0          0          0          0.0e+00      0.0e+00
    4107          3    0.0e+00    0.0e+00    0.0e+00   DemodSSE          0          0          0          0          0.0e+00      0.0e+00
    4107          3    5.8e-04    5.8e-04    1.4e-07   DemodSSE          0          0          0          0          0.0e+00      0.0e+00
    4107          3    0.0e+00    0.0e+00    0.0e+00   DemodSSE          0          0          0          0          0.0e+00      0.0e+00
    4107          3    5.8e-04    5.8e-04    1.4e-07   DemodSSE          0          0          0          0          0.0e+00      0.0e+00
    4107          3    0.0e+00    0.0e+00    0.0e+00   DemodSSE          0          0          0          0          0.0e+00      0.0e+00
    4107          3    1.2e-03    1.2e-03    2.8e-07   DemodSSE          0          0          0          0          0.0e+00      0.0e+00
    4107          3    5.8e-04    5.8e-04    1.4e-07   DemodSSE          0          0          0          0          0.0e+00      0.0e+00
    4107          3    0.0e+00    0.0e+00    0.0e+00   DemodSSE          0          0          0          0          0.0e+00      0.0e+00
    4107          3    5.8e-04    5.8e-04    1.4e-07   DemodSSE          0          0          0          0          0.0e+00      0.0e+00
    4107          3    0.0e+00    0.0e+00    0.0e+00   DemodSSE          0          0          0          0          0.0e+00      0.0e+00
    4107          3    5.8e-04    1.2e-03    1.4e-07   DemodSSE          0          0          0          0          0.0e+00      0.0e+00
    4107          3    5.8e-04    5.8e-04    1.4e-07   DemodSSE          0          0          0          0          0.0e+00      0.0e+00
    4107          3    5.8e-04    5.8e-04    1.4e-07   DemodSSE          0          0          0          0          0.0e+00      0.0e+00
    4107          3    1.2e-03    1.2e-03    2.8e-07   DemodSSE          0          0          0          0          0.0e+00      0.0e+00
    4107          3    5.8e-04    5.8e-04    1.4e-07   DemodSSE          0          0          0          0          0.0e+00      0.0e+00
    4107          3    5.8e-04    5.8e-04    1.4e-07   DemodSSE          0          0          0          0          0.0e+00      0.0e+00
    4107          3    5.8e-04    5.8e-04    1.4e-07   DemodSSE          0          0          0          0          0.0e+00      0.0e+00
    4107          3    5.8e-04    5.8e-04    1.4e-07   DemodSSE          0          0          0          0          0.0e+00      0.0e+00
    4107          3    5.8e-04    5.8e-04    1.4e-07   DemodSSE          0          0          0          0          0.0e+00      0.0e+00
    4107          3    5.8e-04    5.8e-04    1.4e-07   DemodSSE          0          0          0          0          0.0e+00      0.0e+00
    4107          3    1.2e-03    1.2e-03    2.8e-07   DemodSSE          0          0          0          0          0.0e+00      0.0e+00
    4107          3    0.0e+00    0.0e+00    0.0e+00   DemodSSE          0          0          0          0          0.0e+00      0.0e+00
    4107          3    0.0e+00    0.0e+00    0.0e+00   DemodSSE          0          0          0          0          0.0e+00      0.0e+00
    4107          3    5.8e-04    5.8e-04    1.4e-07   DemodSSE          0          0          0          0          0.0e+00      0.0e+00
    4107          3    0.0e+00    0.0e+00    0.0e+00   DemodSSE          0          0          0          0          0.0e+00      0.0e+00
    4107          3    0.0e+00    0.0e+00    0.0e+00   DemodSSE          0          0          0          0          0.0e+00      0.0e+00
    4107          3    0.0e+00    0.0e+00    0.0e+00   DemodSSE          0          0          0          0          0.0e+00      0.0e+00
    4107          3    5.8e-04    5.8e-04    1.4e-07   DemodSSE          0          0          0          0          0.0e+00      0.0e+00
    4107          3    5.8e-04    5.8e-04    1.4e-07   DemodSSE          0          0          0          0          0.0e+00      0.0e+00
    4107          3    5.8e-04    5.8e-04    1.4e-07   DemodSSE          0          0          0          0          0.0e+00      0.0e+00
    4107          3    0.0e+00    0.0e+00    0.0e+00   DemodSSE          0          0          0          0          0.0e+00      0.0e+00
    4107          3    0.0e+00    0.0e+00    0.0e+00   DemodSSE          0          0          0          0          0.0e+00      0.0e+00
    4107          3    5.8e-04    5.8e-04    1.4e-07   DemodSSE          0          0          0          0          0.0e+00      0.0e+00
    4107          3    5.8e-04    5.8e-04    1.4e-07   DemodSSE          0          0          0          0          0.0e+00      0.0e+00
    4107          3    5.8e-04    5.8e-04    1.4e-07   DemodSSE          0          0          0          0          0.0e+00      0.0e+00
    4107          3    5.8e-04    5.8e-04    1.4e-07   DemodSSE          0          0          0          0          0.0e+00      0.0e+00
    4107          3    0.0e+00    0.0e+00    0.0e+00   DemodSSE          0          0          0          0          0.0e+00      0.0e+00
    4107          3    5.8e-04    5.8e-04    1.4e-07   DemodSSE          0          0          0          0          0.0e+00      0.0e+00
    4107          3    5.8e-04    5.8e-04    1.4e-07   DemodSSE          0          0          0          0          0.0e+00      0.0e+00
    4107          3    5.8e-04    5.8e-04    1.4e-07   DemodSSE          0          0          0          0          0.0e+00      0.0e+00
    4107          3    5.8e-04    5.8e-04    1.4e-07   DemodSSE          0          0          0          0          0.0e+00      0.0e+00
    4107          3    5.8e-04    5.8e-04    1.4e-07   DemodSSE          0          0          0          0          0.0e+00      0.0e+00
    4107          3    5.8e-04    5.8e-04    1.4e-07   DemodSSE          0          0          0          0          0.0e+00      0.0e+00
    4107          3    0.0e+00    0.0e+00    0.0e+00   DemodSSE          0          0          0          0          0.0e+00      0.0e+00
    4107          3    0.0e+00    0.0e+00    0.0e+00   DemodSSE          0          0          0          0          0.0e+00      0.0e+00
    4107          3    5.8e-04    5.8e-04    1.4e-07   DemodSSE          0          0          0          0          0.0e+00      0.0e+00
    4107          3    5.8e-04    5.8e-04    1.4e-07   DemodSSE          0          0          0          0          0.0e+00      0.0e+00
    4107          3    5.8e-04    5.8e-04    1.4e-07   DemodSSE          0          0          0          0          0.0e+00      0.0e+00
    4107          3    1.2e-03    1.2e-03    2.8e-07   DemodSSE          0          0          0          0          0.0e+00      0.0e+00
    4107          3    5.8e-04    5.8e-04    1.4e-07   DemodSSE          0          0          0          0          0.0e+00      0.0e+00
    4107          3    1.2e-03    1.2e-03    2.8e-07   DemodSSE          0          0          0          0          0.0e+00      0.0e+00
    4107          3    5.8e-04    5.8e-04    1.4e-07   DemodSSE          0          0          0          0          0.0e+00      0.0e+00
    4107          3    5.8e-04    5.8e-04    1.4e-07   DemodSSE          0          0          0          0          0.0e+00      0.0e+00
    4107          3    5.8e-04    5.8e-04    1.4e-07   DemodSSE          0          0          0          0          0.0e+00      0.0e+00
    4107          3    5.8e-04    5.8e-04    1.4e-07   DemodSSE          0          0          0          0          0.0e+00      0.0e+00
    4107          3    0.0e+00    0.0e+00    0.0e+00   DemodSSE          0          0          0          0          0.0e+00      0.0e+00
    4107          3    5.8e-04    5.8e-04    1.4e-07   DemodSSE          0          0          0          0          0.0e+00      0.0e+00
    4107          3    5.8e-04    5.8e-04    1.4e-07   DemodSSE          0          0          0          0          0.0e+00      0.0e+00
    4107          3    0.0e+00    0.0e+00    0.0e+00   DemodSSE          0          0          0          0          0.0e+00      0.0e+00
    4107          3    5.8e-04    5.8e-04    1.4e-07   DemodSSE          0          0          0          0          0.0e+00      0.0e+00
    4107          3    1.2e-03    1.2e-03    2.8e-07   DemodSSE          0          0          0          0          0.0e+00      0.0e+00
    4107          3    1.2e-03    1.2e-03    2.8e-07   DemodSSE          0          0          0          0          0.0e+00      0.0e+00
    4107          3    0.0e+00    0.0e+00    0.0e+00   DemodSSE          0          0          0          0          0.0e+00      0.0e+00
    4107          3    1.2e-03    1.2e-03    2.8e-07   DemodSSE          0          0          0          0          0.0e+00      0.0e+00
    4107          3    5.8e-04    5.8e-04    1.4e-07   DemodSSE          0          0          0          0          0.0e+00      0.0e+00
    4107          3    0.0e+00    0.0e+00    0.0e+00   DemodSSE          0          0          0          0          0.0e+00      0.0e+00
    4107          3    5.8e-04    5.8e-04    1.4e-07   DemodSSE          0          0          0          0          0.0e+00      0.0e+00
    4107          3    5.8e-04    5.8e-04    1.4e-07   DemodSSE          0          0          0          0          0.0e+00      0.0e+00
    4107          3    5.8e-04    5.8e-04    1.4e-07   DemodSSE          0          0          0          0          0.0e+00      0.0e+00
    4107          3    5.8e-04    5.8e-04    1.4e-07   DemodSSE          0          0          0          0          0.0e+00      0.0e+00
    4107          3    5.8e-04    5.8e-04    1.4e-07   DemodSSE          0          0          0          0          0.0e+00      0.0e+00
    4107          3    5.8e-04    5.8e-04    1.4e-07   DemodSSE          0          0          0          0          0.0e+00      0.0e+00
    4107          3    0.0e+00    0.0e+00    0.0e+00   DemodSSE          0          0          0          0          0.0e+00      0.0e+00
    4107          3    0.0e+00    5.8e-04    0.0e+00   DemodSSE          0          0          0          0          0.0e+00      0.0e+00
    4107          3    0.0e+00    0.0e+00    0.0e+00   DemodSSE          0          0          0          0          0.0e+00      0.0e+00
    4107          3    5.8e-04    5.8e-04    1.4e-07   DemodSSE          0          0          0          0          0.0e+00      0.0e+00
    4107          3    0.0e+00    0.0e+00    0.0e+00   DemodSSE          0          0          0          0          0.0e+00      0.0e+00
    4107          3    5.8e-04    5.8e-04    1.4e-07   DemodSSE          0          0          0          0          0.0e+00      0.0e+00
    4107          3    0.0e+00    0.0e+00    0.0e+00   DemodSSE          0          0          0          0          0.0e+00      0.0e+00
    4107          3    5.8e-04    5.8e-04    1.4e-07   DemodSSE          0          0          0          0          0.0e+00      0.0e+00
    4107          3    5.8e-04    5.8e-04    1.4e-07   DemodSSE          0          0          0          0          0.0e+00      0.0e+00
