%% cmdline: /home/m206265/.local/bin/lalapps_ComputeFstatistic_v2 --Alpha=1.45968 --Delta=0.38422 --Freq=60.0009956495397 --f1dot=-3.77535e-10 --f2dot=1.1147e-20 --FreqBand=8.878490400931318e-06 --dFreq=1.775698080186264e-07 --DataFiles="/home/m206265/lalapps_work/SFTinjnoise/*.sft" --refTime=1171754150 --outputFstat="/home/m206265/lalapps_work/Fstat_noise_fband_shift.txt" --FstatMethod=DemodSSE
%% LAL: 7.1.5 (UNCLEAN 53aa4afe025550f99f1042f83420085e09e6a5fc)
%% LALFrame: 1.6.0 (UNCLEAN 53aa4afe025550f99f1042f83420085e09e6a5fc)
%% LALMetaIO: 2.1.0 (UNCLEAN 53aa4afe025550f99f1042f83420085e09e6a5fc)
%% LALSimulation: 3.1.0 (UNCLEAN 53aa4afe025550f99f1042f83420085e09e6a5fc)
%% LALBurst: 1.5.10 (UNCLEAN 53aa4afe025550f99f1042f83420085e09e6a5fc)
%% LALInspiral: 2.0.4 (UNCLEAN 53aa4afe025550f99f1042f83420085e09e6a5fc)
%% LALPulsar: 3.1.1 (UNCLEAN 53aa4afe025550f99f1042f83420085e09e6a5fc)
%% LALInference: 3.0.1 (UNCLEAN 53aa4afe025550f99f1042f83420085e09e6a5fc)
%% LALApps: 7.4.0 (UNCLEAN 53aa4afe025550f99f1042f83420085e09e6a5fc)
%% FstatMethod used: 'DemodSSE'
%% Started search: 2022-02-18 20:23:56.2832
%% Loaded SFTs: [ H1:2159, L1:1948 ]
%% GPS starttime         = 1167983370 (Mon Jan  9 07:49:12 2017 GMT)
%% Total time spanned    = 5631588 s (1564.33 hours)
%% Pulsar-params refTime = 1171754150
%% Spin-range at refTime: fkdot = [ 60.0009956495397:60.0010045280301, -3.77535e-10:-3.77535e-10, 1.1147e-20:1.1147e-20, 0:0, 0:0, 0:0, 0:0 ]
%% columns:
%% freq alpha delta f1dot f2dot f3dot 2F
60.0009956495397 1.45968 0.38422 -3.77535e-10 1.1147e-20 0 1.54468787
60.00099582710951 1.45968 0.38422 -3.77535e-10 1.1147e-20 0 1.77940404
60.00099600467932 1.45968 0.38422 -3.77535e-10 1.1147e-20 0 4.04150391
60.00099618224913 1.45968 0.38422 -3.77535e-10 1.1147e-20 0 4.42391682
60.00099635981894 1.45968 0.38422 -3.77535e-10 1.1147e-20 0 4.49026728
60.00099653738875 1.45968 0.38422 -3.77535e-10 1.1147e-20 0 2.35059953
60.00099671495856 1.45968 0.38422 -3.77535e-10 1.1147e-20 0 1.99513042
60.00099689252837 1.45968 0.38422 -3.77535e-10 1.1147e-20 0 3.73284149
60.00099707009818 1.45968 0.38422 -3.77535e-10 1.1147e-20 0 0.973815739
60.00099724766799 1.45968 0.38422 -3.77535e-10 1.1147e-20 0 3.15388322
60.0009974252378 1.45968 0.38422 -3.77535e-10 1.1147e-20 0 0.408686399
60.00099760280761 1.45968 0.38422 -3.77535e-10 1.1147e-20 0 3.42223763
60.00099778037742 1.45968 0.38422 -3.77535e-10 1.1147e-20 0 3.81532693
60.00099795794723 1.45968 0.38422 -3.77535e-10 1.1147e-20 0 3.0028069
60.00099813551704 1.45968 0.38422 -3.77535e-10 1.1147e-20 0 3.61895347
60.00099831308685 1.45968 0.38422 -3.77535e-10 1.1147e-20 0 4.57879543
60.00099849065666 1.45968 0.38422 -3.77535e-10 1.1147e-20 0 2.45315218
60.00099866822647 1.45968 0.38422 -3.77535e-10 1.1147e-20 0 1.60483432
60.00099884579627 1.45968 0.38422 -3.77535e-10 1.1147e-20 0 3.43926096
60.00099902336608 1.45968 0.38422 -3.77535e-10 1.1147e-20 0 2.59877515
60.00099920093589 1.45968 0.38422 -3.77535e-10 1.1147e-20 0 0.976329029
60.0009993785057 1.45968 0.38422 -3.77535e-10 1.1147e-20 0 1.26142478
60.00099955607551 1.45968 0.38422 -3.77535e-10 1.1147e-20 0 3.52230692
60.00099973364532 1.45968 0.38422 -3.77535e-10 1.1147e-20 0 5.14288044
60.00099991121513 1.45968 0.38422 -3.77535e-10 1.1147e-20 0 41.8672447
60.00100008878494 1.45968 0.38422 -3.77535e-10 1.1147e-20 0 48.9467354
60.00100026635475 1.45968 0.38422 -3.77535e-10 1.1147e-20 0 8.46115875
60.00100044392456 1.45968 0.38422 -3.77535e-10 1.1147e-20 0 2.30095744
60.00100062149437 1.45968 0.38422 -3.77535e-10 1.1147e-20 0 7.51596022
60.00100079906418 1.45968 0.38422 -3.77535e-10 1.1147e-20 0 11.0296593
60.00100097663399 1.45968 0.38422 -3.77535e-10 1.1147e-20 0 5.84664822
60.0010011542038 1.45968 0.38422 -3.77535e-10 1.1147e-20 0 2.14832282
60.00100133177361 1.45968 0.38422 -3.77535e-10 1.1147e-20 0 9.0732069
60.00100150934342 1.45968 0.38422 -3.77535e-10 1.1147e-20 0 1.10431206
60.00100168691323 1.45968 0.38422 -3.77535e-10 1.1147e-20 0 5.75163794
60.00100186448304 1.45968 0.38422 -3.77535e-10 1.1147e-20 0 2.62163401
60.00100204205285 1.45968 0.38422 -3.77535e-10 1.1147e-20 0 3.4384079
60.00100221962266 1.45968 0.38422 -3.77535e-10 1.1147e-20 0 3.86258364
60.00100239719247 1.45968 0.38422 -3.77535e-10 1.1147e-20 0 2.46739101
60.00100257476227 1.45968 0.38422 -3.77535e-10 1.1147e-20 0 3.65989852
60.00100275233208 1.45968 0.38422 -3.77535e-10 1.1147e-20 0 6.56837559
60.00100292990189 1.45968 0.38422 -3.77535e-10 1.1147e-20 0 1.32209849
60.0010031074717 1.45968 0.38422 -3.77535e-10 1.1147e-20 0 0.342438132
60.00100328504151 1.45968 0.38422 -3.77535e-10 1.1147e-20 0 1.50473821
60.00100346261132 1.45968 0.38422 -3.77535e-10 1.1147e-20 0 6.70644665
60.00100364018113 1.45968 0.38422 -3.77535e-10 1.1147e-20 0 0.594730079
60.00100381775094 1.45968 0.38422 -3.77535e-10 1.1147e-20 0 7.15366077
60.00100399532075 1.45968 0.38422 -3.77535e-10 1.1147e-20 0 3.70313764
60.00100417289056 1.45968 0.38422 -3.77535e-10 1.1147e-20 0 5.58515453
60.00100435046037 1.45968 0.38422 -3.77535e-10 1.1147e-20 0 7.06656075
%DONE
