%% cmdline: /home/m206265/.local/bin/lalapps_ComputeFstatistic_v2 --Alpha=1.45968 --Delta=0.38422 --Freq=60.001 --f1dot=-3.77535e-10 --f2dot=1.1147e-20 --FreqBand=1.074430914532903e-07 --f1dotBand=8.992215309216615e-14 --f2dotBand=7.358171253756612e-20 --dFreq=2.774168692424226e-08 --df1dot=2.321780009207155e-14 --df2dot=1.899871648289434e-20 --DataFiles="/home/m206265/lalapps_work/SFTinj/*.sft" --assumeSqrtSX="0.00751" --refTime=1171754150 --outputFstat="SNR_offsets.txt" --FstatMethod=DemodSSE --outputTiming="Timing_SNR_offsets.txt"
%% LAL: 7.1.5 (UNCLEAN 53aa4afe025550f99f1042f83420085e09e6a5fc)
%% LALFrame: 1.6.0 (UNCLEAN 53aa4afe025550f99f1042f83420085e09e6a5fc)
%% LALMetaIO: 2.1.0 (UNCLEAN 53aa4afe025550f99f1042f83420085e09e6a5fc)
%% LALSimulation: 3.1.0 (UNCLEAN 53aa4afe025550f99f1042f83420085e09e6a5fc)
%% LALBurst: 1.5.10 (UNCLEAN 53aa4afe025550f99f1042f83420085e09e6a5fc)
%% LALInspiral: 2.0.4 (UNCLEAN 53aa4afe025550f99f1042f83420085e09e6a5fc)
%% LALPulsar: 3.1.1 (UNCLEAN 53aa4afe025550f99f1042f83420085e09e6a5fc)
%% LALInference: 3.0.1 (UNCLEAN 53aa4afe025550f99f1042f83420085e09e6a5fc)
%% LALApps: 7.4.0 (UNCLEAN 53aa4afe025550f99f1042f83420085e09e6a5fc)
%% FstatMethod used: 'DemodSSE'
%% Started search: 2022-02-25 20:01:24.3348
%% Loaded SFTs: [ H1:2159, L1:1948 ]
%% GPS starttime         = 1167983370 (Mon Jan  9 07:49:12 2017 GMT)
%% Total time spanned    = 5631588 s (1564.33 hours)
%% Pulsar-params refTime = 1171754150
%% Spin-range at refTime: fkdot = [ 60.001:60.00100010744309, -3.77535e-10:-3.774450778469078e-10, 1.1147e-20:8.472871253756613e-20, 0:0, 0:0, 0:0, 0:0 ]
%% columns:
%% freq alpha delta f1dot f2dot f3dot 2F
60.001 1.45968 0.38422 -3.77535e-10 1.1147e-20 0 77.6368713
60.00100002774168 1.45968 0.38422 -3.77535e-10 1.1147e-20 0 72.2217178
60.00100005548337 1.45968 0.38422 -3.77535e-10 1.1147e-20 0 57.7573814
60.00100008322505 1.45968 0.38422 -3.77535e-10 1.1147e-20 0 38.9012451
60.001 1.45968 0.38422 -3.775117821999079e-10 1.1147e-20 0 72.462677
60.00100002774168 1.45968 0.38422 -3.775117821999079e-10 1.1147e-20 0 75.2649384
60.00100005548337 1.45968 0.38422 -3.775117821999079e-10 1.1147e-20 0 67.6771774
60.00100008322505 1.45968 0.38422 -3.775117821999079e-10 1.1147e-20 0 52.1787415
60.001 1.45968 0.38422 -3.774885643998159e-10 1.1147e-20 0 59.2921562
60.00100002774168 1.45968 0.38422 -3.774885643998159e-10 1.1147e-20 0 68.3183289
60.00100005548337 1.45968 0.38422 -3.774885643998159e-10 1.1147e-20 0 68.5533447
60.00100008322505 1.45968 0.38422 -3.774885643998159e-10 1.1147e-20 0 59.7625427
60.001 1.45968 0.38422 -3.774653465997238e-10 1.1147e-20 0 43.7054901
60.00100002774168 1.45968 0.38422 -3.774653465997238e-10 1.1147e-20 0 54.6575127
60.00100005548337 1.45968 0.38422 -3.774653465997238e-10 1.1147e-20 0 60.3759613
60.00100008322505 1.45968 0.38422 -3.774653465997238e-10 1.1147e-20 0 58.6543999
60.001 1.45968 0.38422 -3.77535e-10 3.014571648289434e-20 0 72.7847443
60.00100002774168 1.45968 0.38422 -3.77535e-10 3.014571648289434e-20 0 60.3681221
60.00100005548337 1.45968 0.38422 -3.77535e-10 3.014571648289434e-20 0 42.8628349
60.00100008322505 1.45968 0.38422 -3.77535e-10 3.014571648289434e-20 0 25.444725
60.001 1.45968 0.38422 -3.775117821999079e-10 3.014571648289434e-20 0 77.1857376
60.00100002774168 1.45968 0.38422 -3.775117821999079e-10 3.014571648289434e-20 0 71.444458
60.00100005548337 1.45968 0.38422 -3.775117821999079e-10 3.014571648289434e-20 0 56.9662437
60.00100008322505 1.45968 0.38422 -3.775117821999079e-10 3.014571648289434e-20 0 38.4336662
60.001 1.45968 0.38422 -3.774885643998159e-10 3.014571648289434e-20 0 71.3207703
60.00100002774168 1.45968 0.38422 -3.774885643998159e-10 3.014571648289434e-20 0 73.7506943
60.00100005548337 1.45968 0.38422 -3.774885643998159e-10 3.014571648289434e-20 0 66.1111298
60.00100008322505 1.45968 0.38422 -3.774885643998159e-10 3.014571648289434e-20 0 51.0163879
60.001 1.45968 0.38422 -3.774653465997238e-10 3.014571648289434e-20 0 57.5453224
60.00100002774168 1.45968 0.38422 -3.774653465997238e-10 3.014571648289434e-20 0 66.1707916
60.00100005548337 1.45968 0.38422 -3.774653465997238e-10 3.014571648289434e-20 0 66.2867126
60.00100008322505 1.45968 0.38422 -3.774653465997238e-10 3.014571648289434e-20 0 57.8623543
60.001 1.45968 0.38422 -3.77535e-10 4.914443296578868e-20 0 60.6626091
60.00100002774168 1.45968 0.38422 -3.77535e-10 4.914443296578868e-20 0 45.6228333
60.00100005548337 1.45968 0.38422 -3.77535e-10 4.914443296578868e-20 0 29.796669
60.00100008322505 1.45968 0.38422 -3.77535e-10 4.914443296578868e-20 0 16.9719372
60.001 1.45968 0.38422 -3.775117821999079e-10 4.914443296578868e-20 0 72.2245407
60.00100002774168 1.45968 0.38422 -3.775117821999079e-10 4.914443296578868e-20 0 59.698349
60.00100005548337 1.45968 0.38422 -3.775117821999079e-10 4.914443296578868e-20 0 42.3864937
60.00100008322505 1.45968 0.38422 -3.775117821999079e-10 4.914443296578868e-20 0 25.3085556
60.001 1.45968 0.38422 -3.774885643998159e-10 4.914443296578868e-20 0 75.848259
60.00100002774168 1.45968 0.38422 -3.774885643998159e-10 4.914443296578868e-20 0 69.9119034
60.00100005548337 1.45968 0.38422 -3.774885643998159e-10 4.914443296578868e-20 0 55.6708298
60.00100008322505 1.45968 0.38422 -3.774885643998159e-10 4.914443296578868e-20 0 37.742794
60.001 1.45968 0.38422 -3.774653465997238e-10 4.914443296578868e-20 0 69.3571777
60.00100002774168 1.45968 0.38422 -3.774653465997238e-10 4.914443296578868e-20 0 71.4747391
60.00100005548337 1.45968 0.38422 -3.774653465997238e-10 4.914443296578868e-20 0 63.9898376
60.00100008322505 1.45968 0.38422 -3.774653465997238e-10 4.914443296578868e-20 0 49.5800552
60.001 1.45968 0.38422 -3.77535e-10 6.814314944868302e-20 0 47.0609055
60.00100002774168 1.45968 0.38422 -3.77535e-10 6.814314944868302e-20 0 33.8769112
60.00100005548337 1.45968 0.38422 -3.77535e-10 6.814314944868302e-20 0 22.4670105
60.00100008322505 1.45968 0.38422 -3.77535e-10 6.814314944868302e-20 0 14.440217
60.001 1.45968 0.38422 -3.775117821999079e-10 6.814314944868302e-20 0 60.240303
60.00100002774168 1.45968 0.38422 -3.775117821999079e-10 6.814314944868302e-20 0 45.2869415
60.00100005548337 1.45968 0.38422 -3.775117821999079e-10 6.814314944868302e-20 0 29.6715622
60.00100008322505 1.45968 0.38422 -3.775117821999079e-10 6.814314944868302e-20 0 16.9723167
60.001 1.45968 0.38422 -3.774885643998159e-10 6.814314944868302e-20 0 70.8545761
60.00100002774168 1.45968 0.38422 -3.774885643998159e-10 6.814314944868302e-20 0 58.4266014
60.00100005548337 1.45968 0.38422 -3.774885643998159e-10 6.814314944868302e-20 0 41.5667419
60.00100008322505 1.45968 0.38422 -3.774885643998159e-10 6.814314944868302e-20 0 25.0623474
60.001 1.45968 0.38422 -3.774653465997238e-10 6.814314944868302e-20 0 73.6833801
60.00100002774168 1.45968 0.38422 -3.774653465997238e-10 6.814314944868302e-20 0 67.7190857
60.00100005548337 1.45968 0.38422 -3.774653465997238e-10 6.814314944868302e-20 0 53.9777145
60.00100008322505 1.45968 0.38422 -3.774653465997238e-10 6.814314944868302e-20 0 36.9225655
%DONE
